p = 131
order basis: [1, i, (i+j)/2, (1+ij)/2]
classes = 1008, targetH = 1008
used: Amax=88, Astart=1, Astep=dynamic, depth=0, bacher_depth=0, rep_order=small_bound, process_new_order=small_bound, LLL_reduced_packets=true
timing(s): total=33403.16 enum=5392.52 packets=2.01 reduce=12.91 merge=27991.16 setup=23861.88 iso=176.82
checks: checked=43547132 merged=105531 slow_count=1919 candidates=124990
bounds: old_min=66 old_median=4884 old_max=5808 new_min=12 new_median=18 new_max=66
# Each line: u v w x y z  |  [ u (w,x,y,z) ; conj(a) v ]  | det=1?
[1] 1 1 0 0 0 0  |  [ 1  (0,0,0,0) ; (0,0,0,0)  1 ]  | det=1? true
[2] 6 6 -1 0 0 -1  |  [ 6  (-1,0,0,-1) ; (-2,0,0,1)  6 ]  | det=1? true
[3] 5 7 -1 0 -1 0  |  [ 5  (-1,0,-1,0) ; (-1,0,1,0)  7 ]  | det=1? true
[4] 7 7 -3 -2 -1 0  |  [ 7  (-3,-2,-1,0) ; (-3,2,1,0)  7 ]  | det=1? true
[5] 5 8 -2 0 0 -1  |  [ 5  (-2,0,0,-1) ; (-3,0,0,1)  8 ]  | det=1? true
[6] 5 8 -2 -1 -1 0  |  [ 5  (-2,-1,-1,0) ; (-2,1,1,0)  8 ]  | det=1? true
[7] 4 9 -1 0 0 -1  |  [ 4  (-1,0,0,-1) ; (-2,0,0,1)  9 ]  | det=1? true
[8] 9 9 -3 -1 -1 -1  |  [ 9  (-3,-1,-1,-1) ; (-4,1,1,1)  9 ]  | det=1? true
[9] 9 9 -4 -1 -1 1  |  [ 9  (-4,-1,-1,1) ; (-3,1,1,-1)  9 ]  | det=1? true
[10] 4 10 -2 -1 -1 0  |  [ 4  (-2,-1,-1,0) ; (-2,1,1,0)  10 ]  | det=1? true
[11] 9 11 -4 -3 -1 -1  |  [ 9  (-4,-3,-1,-1) ; (-5,3,1,1)  11 ]  | det=1? true
[12] 9 11 -5 -3 -1 1  |  [ 9  (-5,-3,-1,1) ; (-4,3,1,-1)  11 ]  | det=1? true
[13] 11 12 0 1 -2 0  |  [ 11  (0,1,-2,0) ; (0,-1,2,0)  12 ]  | det=1? true
[14] 3 12 -1 0 0 -1  |  [ 3  (-1,0,0,-1) ; (-2,0,0,1)  12 ]  | det=1? true
[15] 13 13 -6 0 -2 0  |  [ 13  (-6,0,-2,0) ; (-6,0,2,0)  13 ]  | det=1? true
[16] 12 14 -5 0 0 -2  |  [ 12  (-5,0,0,-2) ; (-7,0,0,2)  14 ]  | det=1? true
[17] 13 13 -1 0 -1 -2  |  [ 13  (-1,0,-1,-2) ; (-3,0,1,2)  13 ]  | det=1? true
[18] 13 13 -3 0 -1 2  |  [ 13  (-3,0,-1,2) ; (-1,0,1,-2)  13 ]  | det=1? true
[19] 14 14 -4 -2 -1 -2  |  [ 14  (-4,-2,-1,-2) ; (-6,2,1,2)  14 ]  | det=1? true
[20] 14 14 -6 -2 -1 2  |  [ 14  (-6,-2,-1,2) ; (-4,2,1,-2)  14 ]  | det=1? true
[21] 13 13 -9 -3 -1 -1  |  [ 13  (-9,-3,-1,-1) ; (-10,3,1,1)  13 ]  | det=1? true
[22] 13 13 -5 -1 0 -2  |  [ 13  (-5,-1,0,-2) ; (-7,1,0,2)  13 ]  | det=1? true
[23] 12 14 -1 0 -2 -1  |  [ 12  (-1,0,-2,-1) ; (-2,0,2,1)  14 ]  | det=1? true
[24] 14 14 -5 0 -2 -1  |  [ 14  (-5,0,-2,-1) ; (-6,0,2,1)  14 ]  | det=1? true
[25] 14 14 -6 0 -2 1  |  [ 14  (-6,0,-2,1) ; (-5,0,2,-1)  14 ]  | det=1? true
[26] 14 15 -4 -4 -1 -2  |  [ 14  (-4,-4,-1,-2) ; (-6,4,1,2)  15 ]  | det=1? true
[27] 14 15 -6 -4 -1 2  |  [ 14  (-6,-4,-1,2) ; (-4,4,1,-2)  15 ]  | det=1? true
[28] 5 15 -2 -1 -1 -1  |  [ 5  (-2,-1,-1,-1) ; (-3,1,1,1)  15 ]  | det=1? true
[29] 5 15 -3 -1 -1 1  |  [ 5  (-3,-1,-1,1) ; (-2,1,1,-1)  15 ]  | det=1? true
[30] 11 15 0 1 -2 -1  |  [ 11  (0,1,-2,-1) ; (-1,-1,2,1)  15 ]  | det=1? true
[31] 11 15 -1 1 -2 1  |  [ 11  (-1,1,-2,1) ; (0,-1,2,-1)  15 ]  | det=1? true
[32] 13 15 -5 1 -2 -1  |  [ 13  (-5,1,-2,-1) ; (-6,-1,2,1)  15 ]  | det=1? true
[33] 15 15 -7 -1 -2 -1  |  [ 15  (-7,-1,-2,-1) ; (-8,1,2,1)  15 ]  | det=1? true
[34] 11 16 -2 -1 -1 -2  |  [ 11  (-2,-1,-1,-2) ; (-4,1,1,2)  16 ]  | det=1? true
[35] 11 16 -4 -1 -1 2  |  [ 11  (-4,-1,-1,2) ; (-2,1,1,-2)  16 ]  | det=1? true
[36] 12 15 -2 -2 -1 -2  |  [ 12  (-2,-2,-1,-2) ; (-4,2,1,2)  15 ]  | det=1? true
[37] 12 15 -4 -2 -1 2  |  [ 12  (-4,-2,-1,2) ; (-2,2,1,-2)  15 ]  | det=1? true
[38] 16 16 -6 -6 -1 -2  |  [ 16  (-6,-6,-1,-2) ; (-8,6,1,2)  16 ]  | det=1? true
[39] 16 16 -8 -6 -1 2  |  [ 16  (-8,-6,-1,2) ; (-6,6,1,-2)  16 ]  | det=1? true
[40] 12 16 -4 -1 -1 -2  |  [ 12  (-4,-1,-1,-2) ; (-6,1,1,2)  16 ]  | det=1? true
[41] 12 16 -6 -1 -1 2  |  [ 12  (-6,-1,-1,2) ; (-4,1,1,-2)  16 ]  | det=1? true
[42] 18 18 -4 -2 -3 0  |  [ 18  (-4,-2,-3,0) ; (-4,2,3,0)  18 ]  | det=1? true
[43] 12 17 -6 -5 -2 0  |  [ 12  (-6,-5,-2,0) ; (-6,5,2,0)  17 ]  | det=1? true
[44] 12 17 -5 -2 -2 -1  |  [ 12  (-5,-2,-2,-1) ; (-6,2,2,1)  17 ]  | det=1? true
[45] 12 17 -6 -2 -2 1  |  [ 12  (-6,-2,-2,1) ; (-5,2,2,-1)  17 ]  | det=1? true
[46] 13 17 -5 -4 -1 -2  |  [ 13  (-5,-4,-1,-2) ; (-7,4,1,2)  17 ]  | det=1? true
[47] 13 17 -7 -4 -1 2  |  [ 13  (-7,-4,-1,2) ; (-5,4,1,-2)  17 ]  | det=1? true
[48] 17 18 -1 -2 0 -3  |  [ 17  (-1,-2,0,-3) ; (-4,2,0,3)  18 ]  | det=1? true
[49] 11 17 -3 -2 -1 -2  |  [ 11  (-3,-2,-1,-2) ; (-5,2,1,2)  17 ]  | det=1? true
[50] 17 17 -4 0 -2 -2  |  [ 17  (-4,0,-2,-2) ; (-6,0,2,2)  17 ]  | det=1? true
[51] 17 17 -6 0 -2 2  |  [ 17  (-6,0,-2,2) ; (-4,0,2,-2)  17 ]  | det=1? true
[52] 15 18 -7 -6 -2 -1  |  [ 15  (-7,-6,-2,-1) ; (-8,6,2,1)  18 ]  | det=1? true
[53] 15 18 -8 -6 -2 1  |  [ 15  (-8,-6,-2,1) ; (-7,6,2,-1)  18 ]  | det=1? true
[54] 16 18 -3 -2 -2 -2  |  [ 16  (-3,-2,-2,-2) ; (-5,2,2,2)  18 ]  | det=1? true
[55] 16 18 -5 -2 -2 2  |  [ 16  (-5,-2,-2,2) ; (-3,2,2,-2)  18 ]  | det=1? true
[56] 18 18 -5 -4 -2 -2  |  [ 18  (-5,-4,-2,-2) ; (-7,4,2,2)  18 ]  | det=1? true
[57] 18 18 -7 -4 -2 2  |  [ 18  (-7,-4,-2,2) ; (-5,4,2,-2)  18 ]  | det=1? true
[58] 8 17 -2 1 -2 0  |  [ 8  (-2,1,-2,0) ; (-2,-1,2,0)  17 ]  | det=1? true
[59] 11 17 -5 -2 -1 2  |  [ 11  (-5,-2,-1,2) ; (-3,2,1,-2)  17 ]  | det=1? true
[60] 16 17 -2 1 -2 -2  |  [ 16  (-2,1,-2,-2) ; (-4,-1,2,2)  17 ]  | det=1? true
[61] 16 17 -4 1 -2 2  |  [ 16  (-4,1,-2,2) ; (-2,-1,2,-2)  17 ]  | det=1? true
[62] 10 18 -2 -2 -1 -2  |  [ 10  (-2,-2,-1,-2) ; (-4,2,1,2)  18 ]  | det=1? true
[63] 2 17 0 0 0 -1  |  [ 2  (0,0,0,-1) ; (-1,0,0,1)  17 ]  | det=1? true
[64] 9 19 -2 1 -2 -1  |  [ 9  (-2,1,-2,-1) ; (-3,-1,2,1)  19 ]  | det=1? true
[65] 9 19 -3 1 -2 1  |  [ 9  (-3,1,-2,1) ; (-2,-1,2,-1)  19 ]  | det=1? true
[66] 19 19 -6 -6 -2 -2  |  [ 19  (-6,-6,-2,-2) ; (-8,6,2,2)  19 ]  | det=1? true
[67] 7 20 -2 -1 -2 0  |  [ 7  (-2,-1,-2,0) ; (-2,1,2,0)  20 ]  | det=1? true
[68] 19 20 -8 -5 -2 -2  |  [ 19  (-8,-5,-2,-2) ; (-10,5,2,2)  20 ]  | det=1? true
[69] 9 19 -1 -1 -1 -2  |  [ 9  (-1,-1,-1,-2) ; (-3,1,1,2)  19 ]  | det=1? true
[70] 9 19 -3 -1 -1 2  |  [ 9  (-3,-1,-1,2) ; (-1,1,1,-2)  19 ]  | det=1? true
[71] 19 19 -5 0 -3 -1  |  [ 19  (-5,0,-3,-1) ; (-6,0,3,1)  19 ]  | det=1? true
[72] 19 19 -6 0 -3 1  |  [ 19  (-6,0,-3,1) ; (-5,0,3,-1)  19 ]  | det=1? true
[73] 19 19 -3 -3 -1 -3  |  [ 19  (-3,-3,-1,-3) ; (-6,3,1,3)  19 ]  | det=1? true
[74] 11 20 -5 -4 -2 -1  |  [ 11  (-5,-4,-2,-1) ; (-6,4,2,1)  20 ]  | det=1? true
[75] 11 20 -6 -4 -2 1  |  [ 11  (-6,-4,-2,1) ; (-5,4,2,-1)  20 ]  | det=1? true
[76] 14 20 -3 0 -2 -2  |  [ 14  (-3,0,-2,-2) ; (-5,0,2,2)  20 ]  | det=1? true
[77] 19 20 -8 -3 -3 0  |  [ 19  (-8,-3,-3,0) ; (-8,3,3,0)  20 ]  | det=1? true
[78] 8 19 -3 -2 0 -2  |  [ 8  (-3,-2,0,-2) ; (-5,2,0,2)  19 ]  | det=1? true
[79] 16 19 -4 -3 -2 -2  |  [ 16  (-4,-3,-2,-2) ; (-6,3,2,2)  19 ]  | det=1? true
[80] 16 19 -6 -3 -2 2  |  [ 16  (-6,-3,-2,2) ; (-4,3,2,-2)  19 ]  | det=1? true
[81] 15 20 -5 0 -2 -2  |  [ 15  (-5,0,-2,-2) ; (-7,0,2,2)  20 ]  | det=1? true
[82] 15 20 -7 0 -2 2  |  [ 15  (-7,0,-2,2) ; (-5,0,2,-2)  20 ]  | det=1? true
[83] 19 19 -4 -1 -1 -3  |  [ 19  (-4,-1,-1,-3) ; (-7,1,1,3)  19 ]  | det=1? true
[84] 19 19 -7 -1 -1 3  |  [ 19  (-7,-1,-1,3) ; (-4,1,1,-3)  19 ]  | det=1? true
[85] 19 19 -6 -3 -1 3  |  [ 19  (-6,-3,-1,3) ; (-3,3,1,-3)  19 ]  | det=1? true
[86] 19 19 -4 -2 -3 -1  |  [ 19  (-4,-2,-3,-1) ; (-5,2,3,1)  19 ]  | det=1? true
[87] 19 19 -5 -2 -3 1  |  [ 19  (-5,-2,-3,1) ; (-4,2,3,-1)  19 ]  | det=1? true
[88] 15 21 -5 -3 -2 -2  |  [ 15  (-5,-3,-2,-2) ; (-7,3,2,2)  21 ]  | det=1? true
[89] 15 21 -7 -3 -2 2  |  [ 15  (-7,-3,-2,2) ; (-5,3,2,-2)  21 ]  | det=1? true
[90] 14 22 -2 0 0 -3  |  [ 14  (-2,0,0,-3) ; (-5,0,0,3)  22 ]  | det=1? true
[91] 8 21 -1 0 -2 -1  |  [ 8  (-1,0,-2,-1) ; (-2,0,2,1)  21 ]  | det=1? true
[92] 8 21 -2 0 -2 1  |  [ 8  (-2,0,-2,1) ; (-1,0,2,-1)  21 ]  | det=1? true
[93] 8 22 -2 -1 -1 -2  |  [ 8  (-2,-1,-1,-2) ; (-4,1,1,2)  22 ]  | det=1? true
[94] 8 22 -4 -1 -1 2  |  [ 8  (-4,-1,-1,2) ; (-2,1,1,-2)  22 ]  | det=1? true
[95] 14 22 -5 -2 -2 -2  |  [ 14  (-5,-2,-2,-2) ; (-7,2,2,2)  22 ]  | det=1? true
[96] 14 22 -7 -2 -2 2  |  [ 14  (-7,-2,-2,2) ; (-5,2,2,-2)  22 ]  | det=1? true
[97] 20 22 -2 0 -2 -3  |  [ 20  (-2,0,-2,-3) ; (-5,0,2,3)  22 ]  | det=1? true
[98] 20 22 -5 0 -2 3  |  [ 20  (-5,0,-2,3) ; (-2,0,2,-3)  22 ]  | det=1? true
[99] 22 22 -6 0 -2 -3  |  [ 22  (-6,0,-2,-3) ; (-9,0,2,3)  22 ]  | det=1? true
[100] 22 22 -9 0 -2 3  |  [ 22  (-9,0,-2,3) ; (-6,0,2,-3)  22 ]  | det=1? true
[101] 16 21 -7 -2 -2 -2  |  [ 16  (-7,-2,-2,-2) ; (-9,2,2,2)  21 ]  | det=1? true
[102] 16 21 -9 -2 -2 2  |  [ 16  (-9,-2,-2,2) ; (-7,2,2,-2)  21 ]  | det=1? true
[103] 9 21 -4 -1 -2 -1  |  [ 9  (-4,-1,-2,-1) ; (-5,1,2,1)  21 ]  | det=1? true
[104] 9 21 -5 -1 -2 1  |  [ 9  (-5,-1,-2,1) ; (-4,1,2,-1)  21 ]  | det=1? true
[105] 21 21 -7 -6 -3 -1  |  [ 21  (-7,-6,-3,-1) ; (-8,6,3,1)  21 ]  | det=1? true
[106] 21 21 -8 -6 -3 1  |  [ 21  (-8,-6,-3,1) ; (-7,6,3,-1)  21 ]  | det=1? true
[107] 6 22 0 1 -2 0  |  [ 6  (0,1,-2,0) ; (0,-1,2,0)  22 ]  | det=1? true
[108] 12 22 0 1 -2 -2  |  [ 12  (0,1,-2,-2) ; (-2,-1,2,2)  22 ]  | det=1? true
[109] 16 22 -7 -4 -2 -2  |  [ 16  (-7,-4,-2,-2) ; (-9,4,2,2)  22 ]  | det=1? true
[110] 16 22 -9 -4 -2 2  |  [ 16  (-9,-4,-2,2) ; (-7,4,2,-2)  22 ]  | det=1? true
[111] 22 22 -10 -9 -2 -2  |  [ 22  (-10,-9,-2,-2) ; (-12,9,2,2)  22 ]  | det=1? true
[112] 22 22 -12 -9 -2 2  |  [ 22  (-12,-9,-2,2) ; (-10,9,2,-2)  22 ]  | det=1? true
[113] 21 21 -10 0 -3 -1  |  [ 21  (-10,0,-3,-1) ; (-11,0,3,1)  21 ]  | det=1? true
[114] 21 21 -9 -1 -1 -3  |  [ 21  (-9,-1,-1,-3) ; (-12,1,1,3)  21 ]  | det=1? true
[115] 16 23 -6 -4 0 -3  |  [ 16  (-6,-4,0,-3) ; (-9,4,0,3)  23 ]  | det=1? true
[116] 21 23 -5 -3 -3 -2  |  [ 21  (-5,-3,-3,-2) ; (-7,3,3,2)  23 ]  | det=1? true
[117] 21 23 -7 -3 -3 2  |  [ 21  (-7,-3,-3,2) ; (-5,3,3,-2)  23 ]  | det=1? true
[118] 22 23 -8 -4 -3 2  |  [ 22  (-8,-4,-3,2) ; (-6,4,3,-2)  23 ]  | det=1? true
[119] 7 24 -1 0 -2 -1  |  [ 7  (-1,0,-2,-1) ; (-2,0,2,1)  24 ]  | det=1? true
[120] 7 24 -2 0 -2 1  |  [ 7  (-2,0,-2,1) ; (-1,0,2,-1)  24 ]  | det=1? true
[121] 13 23 -5 1 -2 -2  |  [ 13  (-5,1,-2,-2) ; (-7,-1,2,2)  23 ]  | det=1? true
[122] 17 23 -6 -3 -3 -1  |  [ 17  (-6,-3,-3,-1) ; (-7,3,3,1)  23 ]  | det=1? true
[123] 21 23 -6 1 -2 -3  |  [ 21  (-6,1,-2,-3) ; (-9,-1,2,3)  23 ]  | det=1? true
[124] 21 23 -9 1 -2 3  |  [ 21  (-9,1,-2,3) ; (-6,-1,2,-3)  23 ]  | det=1? true
[125] 22 23 -6 -4 -3 -2  |  [ 22  (-6,-4,-3,-2) ; (-8,4,3,2)  23 ]  | det=1? true
[126] 19 24 -3 -2 -2 -3  |  [ 19  (-3,-2,-2,-3) ; (-6,2,2,3)  24 ]  | det=1? true
[127] 19 24 -6 -2 -2 3  |  [ 19  (-6,-2,-2,3) ; (-3,2,2,-3)  24 ]  | det=1? true
[128] 24 24 -2 -1 -1 -4  |  [ 24  (-2,-1,-1,-4) ; (-6,1,1,4)  24 ]  | det=1? true
[129] 24 24 -6 -1 -1 4  |  [ 24  (-6,-1,-1,4) ; (-2,1,1,-4)  24 ]  | det=1? true
[130] 17 23 -7 -3 -3 1  |  [ 17  (-7,-3,-3,1) ; (-6,3,3,-1)  23 ]  | det=1? true
[131] 19 23 -1 -1 -2 -3  |  [ 19  (-1,-1,-2,-3) ; (-4,1,2,3)  23 ]  | det=1? true
[132] 19 23 -4 -1 -2 3  |  [ 19  (-4,-1,-2,3) ; (-1,1,2,-3)  23 ]  | det=1? true
[133] 23 23 -10 -8 -3 -1  |  [ 23  (-10,-8,-3,-1) ; (-11,8,3,1)  23 ]  | det=1? true
[134] 23 23 -9 -9 -1 -3  |  [ 23  (-9,-9,-1,-3) ; (-12,9,1,3)  23 ]  | det=1? true
[135] 22 24 -8 -3 -3 -2  |  [ 22  (-8,-3,-3,-2) ; (-10,3,3,2)  24 ]  | det=1? true
[136] 22 24 -10 -3 -3 2  |  [ 22  (-10,-3,-3,2) ; (-8,3,3,-2)  24 ]  | det=1? true
[137] 17 23 -8 -1 -3 1  |  [ 17  (-8,-1,-3,1) ; (-7,1,3,-1)  23 ]  | det=1? true
[138] 17 23 -6 -2 -1 -3  |  [ 17  (-6,-2,-1,-3) ; (-9,2,1,3)  23 ]  | det=1? true
[139] 17 23 -9 -2 -1 3  |  [ 17  (-9,-2,-1,3) ; (-6,2,1,-3)  23 ]  | det=1? true
[140] 17 23 -5 -4 -1 -3  |  [ 17  (-5,-4,-1,-3) ; (-8,4,1,3)  23 ]  | det=1? true
[141] 17 23 -8 -4 -1 3  |  [ 17  (-8,-4,-1,3) ; (-5,4,1,-3)  23 ]  | det=1? true
[142] 3 23 -1 0 -1 -1  |  [ 3  (-1,0,-1,-1) ; (-2,0,1,1)  23 ]  | det=1? true
[143] 3 23 -2 0 -1 1  |  [ 3  (-2,0,-1,1) ; (-1,0,1,-1)  23 ]  | det=1? true
[144] 12 23 -2 -1 -2 -2  |  [ 12  (-2,-1,-2,-2) ; (-4,1,2,2)  23 ]  | det=1? true
[145] 12 23 -4 -1 -2 2  |  [ 12  (-4,-1,-2,2) ; (-2,1,2,-2)  23 ]  | det=1? true
[146] 17 23 -7 -1 -3 -1  |  [ 17  (-7,-1,-3,-1) ; (-8,1,3,1)  23 ]  | det=1? true
[147] 23 23 -9 0 -3 -2  |  [ 23  (-9,0,-3,-2) ; (-11,0,3,2)  23 ]  | det=1? true
[148] 23 23 -11 0 -3 2  |  [ 23  (-11,0,-3,2) ; (-9,0,3,-2)  23 ]  | det=1? true
[149] 12 24 -4 1 -2 -2  |  [ 12  (-4,1,-2,-2) ; (-6,-1,2,2)  24 ]  | det=1? true
[150] 12 24 -3 -2 -2 -2  |  [ 12  (-3,-2,-2,-2) ; (-5,2,2,2)  24 ]  | det=1? true
[151] 12 24 -5 -2 -2 2  |  [ 12  (-5,-2,-2,2) ; (-3,2,2,-2)  24 ]  | det=1? true
[152] 7 25 -2 -1 -2 -1  |  [ 7  (-2,-1,-2,-1) ; (-3,1,2,1)  25 ]  | det=1? true
[153] 7 25 -3 -1 -2 1  |  [ 7  (-3,-1,-2,1) ; (-2,1,2,-1)  25 ]  | det=1? true
[154] 19 25 -5 -2 -3 -2  |  [ 19  (-5,-2,-3,-2) ; (-7,2,3,2)  25 ]  | det=1? true
[155] 19 25 -7 -2 -3 2  |  [ 19  (-7,-2,-3,2) ; (-5,2,3,-2)  25 ]  | det=1? true
[156] 20 25 -7 0 -2 -3  |  [ 20  (-7,0,-2,-3) ; (-10,0,2,3)  25 ]  | det=1? true
[157] 20 25 -10 0 -2 3  |  [ 20  (-10,0,-2,3) ; (-7,0,2,-3)  25 ]  | det=1? true
[158] 21 26 -9 -2 -2 -3  |  [ 21  (-9,-2,-2,-3) ; (-12,2,2,3)  26 ]  | det=1? true
[159] 21 26 -12 -2 -2 3  |  [ 21  (-12,-2,-2,3) ; (-9,2,2,-3)  26 ]  | det=1? true
[160] 19 25 -9 -6 -3 -1  |  [ 19  (-9,-6,-3,-1) ; (-10,6,3,1)  25 ]  | det=1? true
[161] 19 25 -10 -6 -3 1  |  [ 19  (-10,-6,-3,1) ; (-9,6,3,-1)  25 ]  | det=1? true
[162] 22 25 -8 -5 -3 -2  |  [ 22  (-8,-5,-3,-2) ; (-10,5,3,2)  25 ]  | det=1? true
[163] 24 25 -4 -2 -1 -4  |  [ 24  (-4,-2,-1,-4) ; (-8,2,1,4)  25 ]  | det=1? true
[164] 20 26 -8 -2 -3 -2  |  [ 20  (-8,-2,-3,-2) ; (-10,2,3,2)  26 ]  | det=1? true
[165] 20 26 -10 -2 -3 2  |  [ 20  (-10,-2,-3,2) ; (-8,2,3,-2)  26 ]  | det=1? true
[166] 24 26 -6 -1 -1 -4  |  [ 24  (-6,-1,-1,-4) ; (-10,1,1,4)  26 ]  | det=1? true
[167] 24 26 -10 -1 -1 4  |  [ 24  (-10,-1,-1,4) ; (-6,1,1,-4)  26 ]  | det=1? true
[168] 25 26 -7 -4 -4 -1  |  [ 25  (-7,-4,-4,-1) ; (-8,4,4,1)  26 ]  | det=1? true
[169] 25 26 -8 -4 -4 1  |  [ 25  (-8,-4,-4,1) ; (-7,4,4,-1)  26 ]  | det=1? true
[170] 19 25 -8 -7 -1 -3  |  [ 19  (-8,-7,-1,-3) ; (-11,7,1,3)  25 ]  | det=1? true
[171] 22 25 -10 -5 -3 2  |  [ 22  (-10,-5,-3,2) ; (-8,5,3,-2)  25 ]  | det=1? true
[172] 23 25 -10 -3 -2 -3  |  [ 23  (-10,-3,-2,-3) ; (-13,3,2,3)  25 ]  | det=1? true
[173] 23 25 -13 -3 -2 3  |  [ 23  (-13,-3,-2,3) ; (-10,3,2,-3)  25 ]  | det=1? true
[174] 25 25 -6 -3 -4 -1  |  [ 25  (-6,-3,-4,-1) ; (-7,3,4,1)  25 ]  | det=1? true
[175] 25 25 -7 -3 -4 1  |  [ 25  (-7,-3,-4,1) ; (-6,3,4,-1)  25 ]  | det=1? true
[176] 23 26 -8 -8 -2 -3  |  [ 23  (-8,-8,-2,-3) ; (-11,8,2,3)  26 ]  | det=1? true
[177] 23 26 -11 -8 -2 3  |  [ 23  (-11,-8,-2,3) ; (-8,8,2,-3)  26 ]  | det=1? true
[178] 24 26 -4 -5 -1 -4  |  [ 24  (-4,-5,-1,-4) ; (-8,5,1,4)  26 ]  | det=1? true
[179] 24 26 -8 -5 -1 4  |  [ 24  (-8,-5,-1,4) ; (-4,5,1,-4)  26 ]  | det=1? true
[180] 17 26 -4 -1 -3 2  |  [ 17  (-4,-1,-3,2) ; (-2,1,3,-2)  26 ]  | det=1? true
[181] 6 25 -3 -2 -2 0  |  [ 6  (-3,-2,-2,0) ; (-3,2,2,0)  25 ]  | det=1? true
[182] 19 26 -5 -4 -2 -3  |  [ 19  (-5,-4,-2,-3) ; (-8,4,2,3)  26 ]  | det=1? true
[183] 27 27 -6 -2 -2 -4  |  [ 27  (-6,-2,-2,-4) ; (-10,2,2,4)  27 ]  | det=1? true
[184] 24 28 -2 1 -2 -4  |  [ 24  (-2,1,-2,-4) ; (-6,-1,2,4)  28 ]  | det=1? true
[185] 27 28 -13 -2 -4 -1  |  [ 27  (-13,-2,-4,-1) ; (-14,2,4,1)  28 ]  | det=1? true
[186] 27 28 -8 1 -2 -4  |  [ 27  (-8,1,-2,-4) ; (-12,-1,2,4)  28 ]  | det=1? true
[187] 27 27 -11 -1 -1 -4  |  [ 27  (-11,-1,-1,-4) ; (-15,1,1,4)  27 ]  | det=1? true
[188] 27 27 -9 -7 -4 -1  |  [ 27  (-9,-7,-4,-1) ; (-10,7,4,1)  27 ]  | det=1? true
[189] 27 27 -10 -7 -4 1  |  [ 27  (-10,-7,-4,1) ; (-9,7,4,-1)  27 ]  | det=1? true
[190] 6 28 -1 0 -2 -1  |  [ 6  (-1,0,-2,-1) ; (-2,0,2,1)  28 ]  | det=1? true
[191] 6 28 -2 0 -2 1  |  [ 6  (-2,0,-2,1) ; (-1,0,2,-1)  28 ]  | det=1? true
[192] 19 28 -9 -6 -2 3  |  [ 19  (-9,-6,-2,3) ; (-6,6,2,-3)  28 ]  | det=1? true
[193] 26 28 -5 -4 -4 -2  |  [ 26  (-5,-4,-4,-2) ; (-7,4,4,2)  28 ]  | det=1? true
[194] 26 28 -7 -4 -4 2  |  [ 26  (-7,-4,-4,2) ; (-5,4,4,-2)  28 ]  | det=1? true
[195] 27 28 -7 -4 -4 -2  |  [ 27  (-7,-4,-4,-2) ; (-9,4,4,2)  28 ]  | det=1? true
[196] 27 28 -9 -4 -4 2  |  [ 27  (-9,-4,-4,2) ; (-7,4,4,-2)  28 ]  | det=1? true
[197] 27 28 -6 -5 -2 -4  |  [ 27  (-6,-5,-2,-4) ; (-10,5,2,4)  28 ]  | det=1? true
[198] 27 28 -10 -5 -2 4  |  [ 27  (-10,-5,-2,4) ; (-6,5,2,-4)  28 ]  | det=1? true
[199] 11 27 -4 -2 -2 -2  |  [ 11  (-4,-2,-2,-2) ; (-6,2,2,2)  27 ]  | det=1? true
[200] 11 27 -6 -2 -2 2  |  [ 11  (-6,-2,-2,2) ; (-4,2,2,-2)  27 ]  | det=1? true
[201] 15 27 -7 -3 -3 -1  |  [ 15  (-7,-3,-3,-1) ; (-8,3,3,1)  27 ]  | det=1? true
[202] 15 27 -8 -3 -3 1  |  [ 15  (-8,-3,-3,1) ; (-7,3,3,-1)  27 ]  | det=1? true
[203] 24 27 -9 2 -4 -1  |  [ 24  (-9,2,-4,-1) ; (-10,-2,4,1)  27 ]  | det=1? true
[204] 25 27 -5 -5 -3 -3  |  [ 25  (-5,-5,-3,-3) ; (-8,5,3,3)  27 ]  | det=1? true
[205] 10 28 -3 0 -2 -2  |  [ 10  (-3,0,-2,-2) ; (-5,0,2,2)  28 ]  | det=1? true
[206] 16 28 -3 0 -2 -3  |  [ 16  (-3,0,-2,-3) ; (-6,0,2,3)  28 ]  | det=1? true
[207] 16 28 -6 0 -2 3  |  [ 16  (-6,0,-2,3) ; (-3,0,2,-3)  28 ]  | det=1? true
[208] 16 28 -5 -2 -2 3  |  [ 16  (-5,-2,-2,3) ; (-2,2,2,-3)  28 ]  | det=1? true
[209] 27 28 -9 2 -4 -2  |  [ 27  (-9,2,-4,-2) ; (-11,-2,4,2)  28 ]  | det=1? true
[210] 28 28 -12 -5 -1 -4  |  [ 28  (-12,-5,-1,-4) ; (-16,5,1,4)  28 ]  | det=1? true
[211] 28 28 -16 -5 -1 4  |  [ 28  (-16,-5,-1,4) ; (-12,5,1,-4)  28 ]  | det=1? true
[212] 13 27 -4 0 -3 -1  |  [ 13  (-4,0,-3,-1) ; (-5,0,3,1)  27 ]  | det=1? true
[213] 13 27 -3 -1 -1 -3  |  [ 13  (-3,-1,-1,-3) ; (-6,1,1,3)  27 ]  | det=1? true
[214] 13 27 -6 -1 -1 3  |  [ 13  (-6,-1,-1,3) ; (-3,1,1,-3)  27 ]  | det=1? true
[215] 21 27 -1 0 -1 -4  |  [ 21  (-1,0,-1,-4) ; (-5,0,1,4)  27 ]  | det=1? true
[216] 21 27 -5 0 -1 4  |  [ 21  (-5,0,-1,4) ; (-1,0,1,-4)  27 ]  | det=1? true
[217] 22 27 -4 0 -1 -4  |  [ 22  (-4,0,-1,-4) ; (-8,0,1,4)  27 ]  | det=1? true
[218] 22 27 -8 0 -1 4  |  [ 22  (-8,0,-1,4) ; (-4,0,1,-4)  27 ]  | det=1? true
[219] 22 27 -4 -2 -4 -1  |  [ 22  (-4,-2,-4,-1) ; (-5,2,4,1)  27 ]  | det=1? true
[220] 22 27 -5 -2 -4 1  |  [ 22  (-5,-2,-4,1) ; (-4,2,4,-1)  27 ]  | det=1? true
[221] 27 27 -18 -4 -1 -3  |  [ 27  (-18,-4,-1,-3) ; (-21,4,1,3)  27 ]  | det=1? true
[222] 27 27 -21 -4 -1 3  |  [ 27  (-21,-4,-1,3) ; (-18,4,1,-3)  27 ]  | det=1? true
[223] 27 27 -7 -1 -4 -2  |  [ 27  (-7,-1,-4,-2) ; (-9,1,4,2)  27 ]  | det=1? true
[224] 21 28 -5 2 -4 -1  |  [ 21  (-5,2,-4,-1) ; (-6,-2,4,1)  28 ]  | det=1? true
[225] 21 28 -6 2 -4 1  |  [ 21  (-6,2,-4,1) ; (-5,-2,4,-1)  28 ]  | det=1? true
[226] 25 28 -12 -6 -1 4  |  [ 25  (-12,-6,-1,4) ; (-8,6,1,-4)  28 ]  | det=1? true
[227] 12 27 -5 -4 -2 -2  |  [ 12  (-5,-4,-2,-2) ; (-7,4,2,2)  27 ]  | det=1? true
[228] 13 27 -5 0 -3 1  |  [ 13  (-5,0,-3,1) ; (-4,0,3,-1)  27 ]  | det=1? true
[229] 16 28 -2 -2 -2 -3  |  [ 16  (-2,-2,-2,-3) ; (-5,2,2,3)  28 ]  | det=1? true
[230] 20 28 -1 2 -4 -1  |  [ 20  (-1,2,-4,-1) ; (-2,-2,4,1)  28 ]  | det=1? true
[231] 20 28 -2 2 -4 1  |  [ 20  (-2,2,-4,1) ; (-1,-2,4,-1)  28 ]  | det=1? true
[232] 24 28 -10 0 -4 -1  |  [ 24  (-10,0,-4,-1) ; (-11,0,4,1)  28 ]  | det=1? true
[233] 24 28 -11 0 -4 1  |  [ 24  (-11,0,-4,1) ; (-10,0,4,-1)  28 ]  | det=1? true
[234] 28 28 -7 -6 -4 -2  |  [ 28  (-7,-6,-4,-2) ; (-9,6,4,2)  28 ]  | det=1? true
[235] 28 28 -9 -6 -4 2  |  [ 28  (-9,-6,-4,2) ; (-7,6,4,-2)  28 ]  | det=1? true
[236] 21 29 -2 -1 -3 -3  |  [ 21  (-2,-1,-3,-3) ; (-5,1,3,3)  29 ]  | det=1? true
[237] 21 29 -5 -1 -3 3  |  [ 21  (-5,-1,-3,3) ; (-2,1,3,-3)  29 ]  | det=1? true
[238] 6 30 -2 -2 -1 -2  |  [ 6  (-2,-2,-1,-2) ; (-4,2,1,2)  30 ]  | det=1? true
[239] 6 30 -4 -2 -1 2  |  [ 6  (-4,-2,-1,2) ; (-2,2,1,-2)  30 ]  | det=1? true
[240] 6 29 -2 0 -1 -2  |  [ 6  (-2,0,-1,-2) ; (-4,0,1,2)  29 ]  | det=1? true
[241] 6 29 -4 0 -1 2  |  [ 6  (-4,0,-1,2) ; (-2,0,1,-2)  29 ]  | det=1? true
[242] 27 29 -11 -7 -1 -4  |  [ 27  (-11,-7,-1,-4) ; (-15,7,1,4)  29 ]  | det=1? true
[243] 27 29 -15 -7 -1 4  |  [ 27  (-15,-7,-1,4) ; (-11,7,1,-4)  29 ]  | det=1? true
[244] 28 29 -10 -10 -1 -4  |  [ 28  (-10,-10,-1,-4) ; (-14,10,1,4)  29 ]  | det=1? true
[245] 29 29 -11 -3 -2 -4  |  [ 29  (-11,-3,-2,-4) ; (-15,3,2,4)  29 ]  | det=1? true
[246] 20 30 -6 2 -4 -1  |  [ 20  (-6,2,-4,-1) ; (-7,-2,4,1)  30 ]  | det=1? true
[247] 20 30 -7 2 -4 1  |  [ 20  (-7,2,-4,1) ; (-6,-2,4,-1)  30 ]  | det=1? true
[248] 23 30 -11 2 -4 -1  |  [ 23  (-11,2,-4,-1) ; (-12,-2,4,1)  30 ]  | det=1? true
[249] 23 30 -12 2 -4 1  |  [ 23  (-12,2,-4,1) ; (-11,-2,4,-1)  30 ]  | det=1? true
[250] 20 29 -8 -7 -3 -2  |  [ 20  (-8,-7,-3,-2) ; (-10,7,3,2)  29 ]  | det=1? true
[251] 20 29 -10 -7 -3 2  |  [ 20  (-10,-7,-3,2) ; (-8,7,3,-2)  29 ]  | det=1? true
[252] 20 29 -2 -2 -1 -4  |  [ 20  (-2,-2,-1,-4) ; (-6,2,1,4)  29 ]  | det=1? true
[253] 23 30 -4 -1 -4 -2  |  [ 23  (-4,-1,-4,-2) ; (-6,1,4,2)  30 ]  | det=1? true
[254] 23 30 -6 -1 -4 2  |  [ 23  (-6,-1,-4,2) ; (-4,1,4,-2)  30 ]  | det=1? true
[255] 30 30 -11 -8 -4 -2  |  [ 30  (-11,-8,-4,-2) ; (-13,8,4,2)  30 ]  | det=1? true
[256] 30 30 -13 -8 -4 2  |  [ 30  (-13,-8,-4,2) ; (-11,8,4,-2)  30 ]  | det=1? true
[257] 17 29 -7 0 -3 -2  |  [ 17  (-7,0,-3,-2) ; (-9,0,3,2)  29 ]  | det=1? true
[258] 17 29 -9 0 -3 2  |  [ 17  (-9,0,-3,2) ; (-7,0,3,-2)  29 ]  | det=1? true
[259] 17 29 -5 -4 -3 -2  |  [ 17  (-5,-4,-3,-2) ; (-7,4,3,2)  29 ]  | det=1? true
[260] 26 29 -11 -6 -4 -1  |  [ 26  (-11,-6,-4,-1) ; (-12,6,4,1)  29 ]  | det=1? true
[261] 26 29 -12 -6 -4 1  |  [ 26  (-12,-6,-4,1) ; (-11,6,4,-1)  29 ]  | det=1? true
[262] 28 29 -14 -10 -1 4  |  [ 28  (-14,-10,-1,4) ; (-10,10,1,-4)  29 ]  | det=1? true
[263] 29 29 -2 -1 -4 -3  |  [ 29  (-2,-1,-4,-3) ; (-5,1,4,3)  29 ]  | det=1? true
[264] 17 29 -7 -4 -3 2  |  [ 17  (-7,-4,-3,2) ; (-5,4,3,-2)  29 ]  | det=1? true
[265] 20 29 -6 -2 -1 4  |  [ 20  (-6,-2,-1,4) ; (-2,2,1,-4)  29 ]  | det=1? true
[266] 24 29 -4 -1 -2 -4  |  [ 24  (-4,-1,-2,-4) ; (-8,1,2,4)  29 ]  | det=1? true
[267] 26 29 -6 -5 -4 -2  |  [ 26  (-6,-5,-4,-2) ; (-8,5,4,2)  29 ]  | det=1? true
[268] 26 29 -8 -5 -4 2  |  [ 26  (-8,-5,-4,2) ; (-6,5,4,-2)  29 ]  | det=1? true
[269] 29 29 -12 -2 -4 -2  |  [ 29  (-12,-2,-4,-2) ; (-14,2,4,2)  29 ]  | det=1? true
[270] 29 29 -10 -6 -4 -2  |  [ 29  (-10,-6,-4,-2) ; (-12,6,4,2)  29 ]  | det=1? true
[271] 29 29 -9 -7 -2 -4  |  [ 29  (-9,-7,-2,-4) ; (-13,7,2,4)  29 ]  | det=1? true
[272] 29 29 -13 -7 -2 4  |  [ 29  (-13,-7,-2,4) ; (-9,7,2,-4)  29 ]  | det=1? true
[273] 22 30 -12 -1 -1 4  |  [ 22  (-12,-1,-1,4) ; (-8,1,1,-4)  30 ]  | det=1? true
[274] 21 29 -5 -1 -1 -4  |  [ 21  (-5,-1,-1,-4) ; (-9,1,1,4)  29 ]  | det=1? true
[275] 20 30 -8 -2 -1 4  |  [ 20  (-8,-2,-1,4) ; (-4,2,1,-4)  30 ]  | det=1? true
[276] 22 30 -8 -1 -1 -4  |  [ 22  (-8,-1,-1,-4) ; (-12,1,1,4)  30 ]  | det=1? true
[277] 24 30 -6 1 -2 -4  |  [ 24  (-6,1,-2,-4) ; (-10,-1,2,4)  30 ]  | det=1? true
[278] 21 30 -8 2 -4 -1  |  [ 21  (-8,2,-4,-1) ; (-9,-2,4,1)  30 ]  | det=1? true
[279] 21 30 -9 2 -4 1  |  [ 21  (-9,2,-4,1) ; (-8,-2,4,-1)  30 ]  | det=1? true
[280] 21 30 -7 -2 -4 -1  |  [ 21  (-7,-2,-4,-1) ; (-8,2,4,1)  30 ]  | det=1? true
[281] 21 30 -8 -2 -4 1  |  [ 21  (-8,-2,-4,1) ; (-7,2,4,-1)  30 ]  | det=1? true
[282] 30 30 -10 -9 -2 -4  |  [ 30  (-10,-9,-2,-4) ; (-14,9,2,4)  30 ]  | det=1? true
[283] 30 30 -14 -9 -2 4  |  [ 30  (-14,-9,-2,4) ; (-10,9,2,-4)  30 ]  | det=1? true
[284] 20 30 -4 -2 -1 -4  |  [ 20  (-4,-2,-1,-4) ; (-8,2,1,4)  30 ]  | det=1? true
[285] 21 31 -4 -4 -3 -3  |  [ 21  (-4,-4,-3,-3) ; (-7,4,3,3)  31 ]  | det=1? true
[286] 24 31 -10 -6 -1 -4  |  [ 24  (-10,-6,-1,-4) ; (-14,6,1,4)  31 ]  | det=1? true
[287] 31 31 -9 -3 -3 -4  |  [ 31  (-9,-3,-3,-4) ; (-13,3,3,4)  31 ]  | det=1? true
[288] 21 32 -2 1 -2 -4  |  [ 21  (-2,1,-2,-4) ; (-6,-1,2,4)  32 ]  | det=1? true
[289] 21 32 -6 1 -2 4  |  [ 21  (-6,1,-2,4) ; (-2,-1,2,-4)  32 ]  | det=1? true
[290] 21 31 -7 -3 -1 -4  |  [ 21  (-7,-3,-1,-4) ; (-11,3,1,4)  31 ]  | det=1? true
[291] 21 31 -11 -3 -1 4  |  [ 21  (-11,-3,-1,4) ; (-7,3,1,-4)  31 ]  | det=1? true
[292] 27 31 -11 -10 -1 -4  |  [ 27  (-11,-10,-1,-4) ; (-15,10,1,4)  31 ]  | det=1? true
[293] 30 31 -14 -5 -4 -2  |  [ 30  (-14,-5,-4,-2) ; (-16,5,4,2)  31 ]  | det=1? true
[294] 30 32 -2 2 -5 -2  |  [ 30  (-2,2,-5,-2) ; (-4,-2,5,2)  32 ]  | det=1? true
[295] 30 32 -4 2 -5 2  |  [ 30  (-4,2,-5,2) ; (-2,-2,5,-2)  32 ]  | det=1? true
[296] 15 31 -5 0 -3 -2  |  [ 15  (-5,0,-3,-2) ; (-7,0,3,2)  31 ]  | det=1? true
[297] 15 31 -7 0 -3 2  |  [ 15  (-7,0,-3,2) ; (-5,0,3,-2)  31 ]  | det=1? true
[298] 19 31 -3 -2 -1 -4  |  [ 19  (-3,-2,-1,-4) ; (-7,2,1,4)  31 ]  | det=1? true
[299] 19 31 -7 -2 -1 4  |  [ 19  (-7,-2,-1,4) ; (-3,2,1,-4)  31 ]  | det=1? true
[300] 21 32 -10 0 -4 -1  |  [ 21  (-10,0,-4,-1) ; (-11,0,4,1)  32 ]  | det=1? true
[301] 21 32 -11 0 -4 1  |  [ 21  (-11,0,-4,1) ; (-10,0,4,-1)  32 ]  | det=1? true
[302] 27 32 -11 -6 -4 -2  |  [ 27  (-11,-6,-4,-2) ; (-13,6,4,2)  32 ]  | det=1? true
[303] 27 32 -13 -6 -4 2  |  [ 27  (-13,-6,-4,2) ; (-11,6,4,-2)  32 ]  | det=1? true
[304] 11 31 -3 1 -3 -1  |  [ 11  (-3,1,-3,-1) ; (-4,-1,3,1)  31 ]  | det=1? true
[305] 11 31 -4 1 -3 1  |  [ 11  (-4,1,-3,1) ; (-3,-1,3,-1)  31 ]  | det=1? true
[306] 28 31 -12 -3 -2 -4  |  [ 28  (-12,-3,-2,-4) ; (-16,3,2,4)  31 ]  | det=1? true
[307] 29 31 -5 -4 -3 -4  |  [ 29  (-5,-4,-3,-4) ; (-9,4,3,4)  31 ]  | det=1? true
[308] 29 31 -9 -4 -3 4  |  [ 29  (-9,-4,-3,4) ; (-5,4,3,-4)  31 ]  | det=1? true
[309] 31 31 -10 -1 -4 -3  |  [ 31  (-10,-1,-4,-3) ; (-13,1,4,3)  31 ]  | det=1? true
[310] 14 32 -3 0 -2 -3  |  [ 14  (-3,0,-2,-3) ; (-6,0,2,3)  32 ]  | det=1? true
[311] 14 32 -6 0 -2 3  |  [ 14  (-6,0,-2,3) ; (-3,0,2,-3)  32 ]  | det=1? true
[312] 21 32 -3 2 -4 -2  |  [ 21  (-3,2,-4,-2) ; (-5,-2,4,2)  32 ]  | det=1? true
[313] 21 32 -5 2 -4 2  |  [ 21  (-5,2,-4,2) ; (-3,-2,4,-2)  32 ]  | det=1? true
[314] 22 32 -10 -4 -4 -1  |  [ 22  (-10,-4,-4,-1) ; (-11,4,4,1)  32 ]  | det=1? true
[315] 22 32 -11 -4 -4 1  |  [ 22  (-11,-4,-4,1) ; (-10,4,4,-1)  32 ]  | det=1? true
[316] 24 32 -10 -8 -4 -1  |  [ 24  (-10,-8,-4,-1) ; (-11,8,4,1)  32 ]  | det=1? true
[317] 24 32 -11 -8 -4 1  |  [ 24  (-11,-8,-4,1) ; (-10,8,4,-1)  32 ]  | det=1? true
[318] 25 32 -10 1 -2 -4  |  [ 25  (-10,1,-2,-4) ; (-14,-1,2,4)  32 ]  | det=1? true
[319] 28 32 -6 -2 -3 -4  |  [ 28  (-6,-2,-3,-4) ; (-10,2,3,4)  32 ]  | det=1? true
[320] 28 32 -10 -2 -3 4  |  [ 28  (-10,-2,-3,4) ; (-6,2,3,-4)  32 ]  | det=1? true
[321] 29 32 -7 -4 -4 -3  |  [ 29  (-7,-4,-4,-3) ; (-10,4,4,3)  32 ]  | det=1? true
[322] 29 32 -10 -4 -4 3  |  [ 29  (-10,-4,-4,3) ; (-7,4,4,-3)  32 ]  | det=1? true
[323] 22 31 -4 1 -4 -2  |  [ 22  (-4,1,-4,-2) ; (-6,-1,4,2)  31 ]  | det=1? true
[324] 28 31 -4 -2 -3 -4  |  [ 28  (-4,-2,-3,-4) ; (-8,2,3,4)  31 ]  | det=1? true
[325] 28 31 -8 -2 -3 4  |  [ 28  (-8,-2,-3,4) ; (-4,2,3,-4)  31 ]  | det=1? true
[326] 31 32 -11 -2 -4 -3  |  [ 31  (-11,-2,-4,-3) ; (-14,2,4,3)  32 ]  | det=1? true
[327] 31 32 -14 -2 -4 3  |  [ 31  (-14,-2,-4,3) ; (-11,2,4,-3)  32 ]  | det=1? true
[328] 31 31 0 -1 -2 -5  |  [ 31  (0,-1,-2,-5) ; (-5,1,2,5)  31 ]  | det=1? true
[329] 14 31 -1 0 -2 -3  |  [ 14  (-1,0,-2,-3) ; (-4,0,2,3)  31 ]  | det=1? true
[330] 14 31 -4 0 -2 3  |  [ 14  (-4,0,-2,3) ; (-1,0,2,-3)  31 ]  | det=1? true
[331] 31 32 -8 -7 -3 -4  |  [ 31  (-8,-7,-3,-4) ; (-12,7,3,4)  32 ]  | det=1? true
[332] 31 32 -12 -7 -3 4  |  [ 31  (-12,-7,-3,4) ; (-8,7,3,-4)  32 ]  | det=1? true
[333] 32 32 -14 -14 -1 -4  |  [ 32  (-14,-14,-1,-4) ; (-18,14,1,4)  32 ]  | det=1? true
[334] 32 32 -18 -14 -1 4  |  [ 32  (-18,-14,-1,4) ; (-14,14,1,-4)  32 ]  | det=1? true
[335] 28 32 -7 0 -4 -3  |  [ 28  (-7,0,-4,-3) ; (-10,0,4,3)  32 ]  | det=1? true
[336] 28 34 -12 -9 -2 -4  |  [ 28  (-12,-9,-2,-4) ; (-16,9,2,4)  34 ]  | det=1? true
[337] 28 34 -16 -9 -2 4  |  [ 28  (-16,-9,-2,4) ; (-12,9,2,-4)  34 ]  | det=1? true
[338] 34 34 -14 -8 0 -5  |  [ 34  (-14,-8,0,-5) ; (-19,8,0,5)  34 ]  | det=1? true
[339] 19 33 -5 -4 -1 -4  |  [ 19  (-5,-4,-1,-4) ; (-9,4,1,4)  33 ]  | det=1? true
[340] 19 33 -9 -4 -1 4  |  [ 19  (-9,-4,-1,4) ; (-5,4,1,-4)  33 ]  | det=1? true
[341] 24 33 -8 -5 -2 -4  |  [ 24  (-8,-5,-2,-4) ; (-12,5,2,4)  33 ]  | det=1? true
[342] 26 33 -10 -7 -4 -2  |  [ 26  (-10,-7,-4,-2) ; (-12,7,4,2)  33 ]  | det=1? true
[343] 32 33 -14 -11 -2 -4  |  [ 32  (-14,-11,-2,-4) ; (-18,11,2,4)  33 ]  | det=1? true
[344] 32 33 -18 -11 -2 4  |  [ 32  (-18,-11,-2,4) ; (-14,11,2,-4)  33 ]  | det=1? true
[345] 30 34 -10 -6 -3 -4  |  [ 30  (-10,-6,-3,-4) ; (-14,6,3,4)  34 ]  | det=1? true
[346] 30 34 -14 -6 -3 4  |  [ 30  (-14,-6,-3,4) ; (-10,6,3,-4)  34 ]  | det=1? true
[347] 33 34 -7 -8 -2 -5  |  [ 33  (-7,-8,-2,-5) ; (-12,8,2,5)  34 ]  | det=1? true
[348] 33 34 -12 -8 -2 5  |  [ 33  (-12,-8,-2,5) ; (-7,8,2,-5)  34 ]  | det=1? true
[349] 25 33 -10 -4 -2 -4  |  [ 25  (-10,-4,-2,-4) ; (-14,4,2,4)  33 ]  | det=1? true
[350] 25 33 -14 -4 -2 4  |  [ 25  (-14,-4,-2,4) ; (-10,4,2,-4)  33 ]  | det=1? true
[351] 31 33 -5 -3 -2 -5  |  [ 31  (-5,-3,-2,-5) ; (-10,3,2,5)  33 ]  | det=1? true
[352] 31 33 -10 -3 -2 5  |  [ 31  (-10,-3,-2,5) ; (-5,3,2,-5)  33 ]  | det=1? true
[353] 32 33 -15 -10 -4 -2  |  [ 32  (-15,-10,-4,-2) ; (-17,10,4,2)  33 ]  | det=1? true
[354] 32 33 -17 -10 -4 2  |  [ 32  (-17,-10,-4,2) ; (-15,10,4,-2)  33 ]  | det=1? true
[355] 21 34 -8 -7 -1 -4  |  [ 21  (-8,-7,-1,-4) ; (-12,7,1,4)  34 ]  | det=1? true
[356] 21 34 -12 -7 -1 4  |  [ 21  (-12,-7,-1,4) ; (-8,7,1,-4)  34 ]  | det=1? true
[357] 24 34 -10 -3 -2 -4  |  [ 24  (-10,-3,-2,-4) ; (-14,3,2,4)  34 ]  | det=1? true
[358] 24 34 -14 -3 -2 4  |  [ 24  (-14,-3,-2,4) ; (-10,3,2,-4)  34 ]  | det=1? true
[359] 28 34 -10 2 -4 -3  |  [ 28  (-10,2,-4,-3) ; (-13,-2,4,3)  34 ]  | det=1? true
[360] 28 34 -13 2 -4 3  |  [ 28  (-13,2,-4,3) ; (-10,-2,4,-3)  34 ]  | det=1? true
[361] 28 34 0 2 -5 -2  |  [ 28  (0,2,-5,-2) ; (-2,-2,5,2)  34 ]  | det=1? true
[362] 28 34 -2 2 -5 2  |  [ 28  (-2,2,-5,2) ; (0,-2,5,-2)  34 ]  | det=1? true
[363] 30 34 -6 -2 -5 -2  |  [ 30  (-6,-2,-5,-2) ; (-8,2,5,2)  34 ]  | det=1? true
[364] 30 34 -8 -2 -5 2  |  [ 30  (-8,-2,-5,2) ; (-6,2,5,-2)  34 ]  | det=1? true
[365] 32 34 -12 -7 -3 -4  |  [ 32  (-12,-7,-3,-4) ; (-16,7,3,4)  34 ]  | det=1? true
[366] 32 34 -8 -5 -5 -2  |  [ 32  (-8,-5,-5,-2) ; (-10,5,5,2)  34 ]  | det=1? true
[367] 33 34 -20 -3 -4 -2  |  [ 33  (-20,-3,-4,-2) ; (-22,3,4,2)  34 ]  | det=1? true
[368] 34 34 -10 -6 -2 -5  |  [ 34  (-10,-6,-2,-5) ; (-15,6,2,5)  34 ]  | det=1? true
[369] 30 33 -3 -2 -2 -5  |  [ 30  (-3,-2,-2,-5) ; (-8,2,2,5)  33 ]  | det=1? true
[370] 30 33 -8 -2 -2 5  |  [ 30  (-8,-2,-2,5) ; (-3,2,2,-5)  33 ]  | det=1? true
[371] 26 34 -6 1 -3 -4  |  [ 26  (-6,1,-3,-4) ; (-10,-1,3,4)  34 ]  | det=1? true
[372] 26 34 -10 1 -3 4  |  [ 26  (-10,1,-3,4) ; (-6,-1,3,-4)  34 ]  | det=1? true
[373] 31 34 -10 -8 -3 -4  |  [ 31  (-10,-8,-3,-4) ; (-14,8,3,4)  34 ]  | det=1? true
[374] 31 34 -14 -8 -3 4  |  [ 31  (-14,-8,-3,4) ; (-10,8,3,-4)  34 ]  | det=1? true
[375] 32 34 -14 -2 -3 -4  |  [ 32  (-14,-2,-3,-4) ; (-18,2,3,4)  34 ]  | det=1? true
[376] 32 34 -10 -5 -5 2  |  [ 32  (-10,-5,-5,2) ; (-8,5,5,-2)  34 ]  | det=1? true
[377] 33 34 -20 -10 -4 -1  |  [ 33  (-20,-10,-4,-1) ; (-21,10,4,1)  34 ]  | det=1? true
[378] 33 34 -12 1 -5 -2  |  [ 33  (-12,1,-5,-2) ; (-14,-1,5,2)  34 ]  | det=1? true
[379] 33 34 -14 1 -5 2  |  [ 33  (-14,1,-5,2) ; (-12,-1,5,-2)  34 ]  | det=1? true
[380] 24 33 -10 -9 -1 -4  |  [ 24  (-10,-9,-1,-4) ; (-14,9,1,4)  33 ]  | det=1? true
[381] 24 33 -14 -9 -1 4  |  [ 24  (-14,-9,-1,4) ; (-10,9,1,-4)  33 ]  | det=1? true
[382] 32 33 -5 -6 -2 -5  |  [ 32  (-5,-6,-2,-5) ; (-10,6,2,5)  33 ]  | det=1? true
[383] 19 34 -8 -2 -4 -1  |  [ 19  (-8,-2,-4,-1) ; (-9,2,4,1)  34 ]  | det=1? true
[384] 19 34 -9 -2 -4 1  |  [ 19  (-9,-2,-4,1) ; (-8,2,4,-1)  34 ]  | det=1? true
[385] 33 34 -21 -10 -4 1  |  [ 33  (-21,-10,-4,1) ; (-20,10,4,-1)  34 ]  | det=1? true
[386] 34 34 -15 -6 -2 5  |  [ 34  (-15,-6,-2,5) ; (-10,6,2,-5)  34 ]  | det=1? true
[387] 21 33 -10 -3 -4 -1  |  [ 21  (-10,-3,-4,-1) ; (-11,3,4,1)  33 ]  | det=1? true
[388] 21 33 -11 -3 -4 1  |  [ 21  (-11,-3,-4,1) ; (-10,3,4,-1)  33 ]  | det=1? true
[389] 26 33 -4 0 -3 -4  |  [ 26  (-4,0,-3,-4) ; (-8,0,3,4)  33 ]  | det=1? true
[390] 31 33 -15 -13 -4 -1  |  [ 31  (-15,-13,-4,-1) ; (-16,13,4,1)  33 ]  | det=1? true
[391] 21 34 -6 -1 -4 -2  |  [ 21  (-6,-1,-4,-2) ; (-8,1,4,2)  34 ]  | det=1? true
[392] 17 33 -1 1 -4 -1  |  [ 17  (-1,1,-4,-1) ; (-2,-1,4,1)  33 ]  | det=1? true
[393] 17 33 -2 1 -4 1  |  [ 17  (-2,1,-4,1) ; (-1,-1,4,-1)  33 ]  | det=1? true
[394] 18 33 -4 -2 -4 -1  |  [ 18  (-4,-2,-4,-1) ; (-5,2,4,1)  33 ]  | det=1? true
[395] 29 33 -1 1 -5 -2  |  [ 29  (-1,1,-5,-2) ; (-3,-1,5,2)  33 ]  | det=1? true
[396] 29 33 -3 1 -5 2  |  [ 29  (-3,1,-5,2) ; (-1,-1,5,-2)  33 ]  | det=1? true
[397] 13 34 -2 -1 -3 -2  |  [ 13  (-2,-1,-3,-2) ; (-4,1,3,2)  34 ]  | det=1? true
[398] 13 34 -4 -1 -3 2  |  [ 13  (-4,-1,-3,2) ; (-2,1,3,-2)  34 ]  | det=1? true
[399] 20 33 -8 -1 -1 -4  |  [ 20  (-8,-1,-1,-4) ; (-12,1,1,4)  33 ]  | det=1? true
[400] 33 33 -4 0 -4 -4  |  [ 33  (-4,0,-4,-4) ; (-8,0,4,4)  33 ]  | det=1? true
[401] 33 33 -8 0 -4 4  |  [ 33  (-8,0,-4,4) ; (-4,0,4,-4)  33 ]  | det=1? true
[402] 4 34 -2 1 -2 0  |  [ 4  (-2,1,-2,0) ; (-2,-1,2,0)  34 ]  | det=1? true
[403] 8 33 0 1 -2 -2  |  [ 8  (0,1,-2,-2) ; (-2,-1,2,2)  33 ]  | det=1? true
[404] 8 33 -2 1 -2 2  |  [ 8  (-2,1,-2,2) ; (0,-1,2,-2)  33 ]  | det=1? true
[405] 25 34 -4 2 -4 -3  |  [ 25  (-4,2,-4,-3) ; (-7,-2,4,3)  34 ]  | det=1? true
[406] 20 33 0 1 -2 -4  |  [ 20  (0,1,-2,-4) ; (-4,-1,2,4)  33 ]  | det=1? true
[407] 20 33 -4 1 -2 4  |  [ 20  (-4,1,-2,4) ; (0,-1,2,-4)  33 ]  | det=1? true
[408] 29 33 0 1 -2 -5  |  [ 29  (0,1,-2,-5) ; (-5,-1,2,5)  33 ]  | det=1? true
[409] 13 33 0 1 -2 -3  |  [ 13  (0,1,-2,-3) ; (-3,-1,2,3)  33 ]  | det=1? true
[410] 5 33 0 1 -2 -1  |  [ 5  (0,1,-2,-1) ; (-1,-1,2,1)  33 ]  | det=1? true
[411] 24 35 -2 0 0 -5  |  [ 24  (-2,0,0,-5) ; (-7,0,0,5)  35 ]  | det=1? true
[412] 16 35 -1 2 -4 -1  |  [ 16  (-1,2,-4,-1) ; (-2,-2,4,1)  35 ]  | det=1? true
[413] 16 35 -2 2 -4 1  |  [ 16  (-2,2,-4,1) ; (-1,-2,4,-1)  35 ]  | det=1? true
[414] 33 35 -14 -5 -1 -5  |  [ 33  (-14,-5,-1,-5) ; (-19,5,1,5)  35 ]  | det=1? true
[415] 33 35 -19 -5 -1 5  |  [ 33  (-19,-5,-1,5) ; (-14,5,1,-5)  35 ]  | det=1? true
[416] 33 35 -13 -9 -3 -4  |  [ 33  (-13,-9,-3,-4) ; (-17,9,3,4)  35 ]  | det=1? true
[417] 33 35 -17 -9 -3 4  |  [ 33  (-17,-9,-3,4) ; (-13,9,3,-4)  35 ]  | det=1? true
[418] 35 35 -12 -7 -2 -5  |  [ 35  (-12,-7,-2,-5) ; (-17,7,2,5)  35 ]  | det=1? true
[419] 35 35 -17 -7 -2 5  |  [ 35  (-17,-7,-2,5) ; (-12,7,2,-5)  35 ]  | det=1? true
[420] 19 36 -9 -4 -4 -1  |  [ 19  (-9,-4,-4,-1) ; (-10,4,4,1)  36 ]  | det=1? true
[421] 19 36 -10 -4 -4 1  |  [ 19  (-10,-4,-4,1) ; (-9,4,4,-1)  36 ]  | det=1? true
[422] 24 36 -10 -7 -2 -4  |  [ 24  (-10,-7,-2,-4) ; (-14,7,2,4)  36 ]  | det=1? true
[423] 24 36 -14 -7 -2 4  |  [ 24  (-14,-7,-2,4) ; (-10,7,2,-4)  36 ]  | det=1? true
[424] 23 35 -8 -6 -2 -4  |  [ 23  (-8,-6,-2,-4) ; (-12,6,2,4)  35 ]  | det=1? true
[425] 30 35 1 2 -4 -4  |  [ 30  (1,2,-4,-4) ; (-3,-2,4,4)  35 ]  | det=1? true
[426] 30 35 -3 2 -4 4  |  [ 30  (-3,2,-4,4) ; (1,-2,4,-4)  35 ]  | det=1? true
[427] 27 36 -2 0 -2 -5  |  [ 27  (-2,0,-2,-5) ; (-7,0,2,5)  36 ]  | det=1? true
[428] 27 36 -7 0 -2 5  |  [ 27  (-7,0,-2,5) ; (-2,0,2,-5)  36 ]  | det=1? true
[429] 27 36 -1 -2 -2 -5  |  [ 27  (-1,-2,-2,-5) ; (-6,2,2,5)  36 ]  | det=1? true
[430] 28 36 -5 0 -2 -5  |  [ 28  (-5,0,-2,-5) ; (-10,0,2,5)  36 ]  | det=1? true
[431] 28 36 -10 0 -2 5  |  [ 28  (-10,0,-2,5) ; (-5,0,2,-5)  36 ]  | det=1? true
[432] 33 36 -16 -1 -5 2  |  [ 33  (-16,-1,-5,2) ; (-14,1,5,-2)  36 ]  | det=1? true
[433] 23 35 -12 -6 -2 4  |  [ 23  (-12,-6,-2,4) ; (-8,6,2,-4)  35 ]  | det=1? true
[434] 26 35 -8 2 -4 -3  |  [ 26  (-8,2,-4,-3) ; (-11,-2,4,3)  35 ]  | det=1? true
[435] 26 35 -11 2 -4 3  |  [ 26  (-11,2,-4,3) ; (-8,-2,4,-3)  35 ]  | det=1? true
[436] 28 35 -11 0 -4 -3  |  [ 28  (-11,0,-4,-3) ; (-14,0,4,3)  35 ]  | det=1? true
[437] 28 35 -14 0 -4 3  |  [ 28  (-14,0,-4,3) ; (-11,0,4,-3)  35 ]  | det=1? true
[438] 29 35 -12 0 -5 -1  |  [ 29  (-12,0,-5,-1) ; (-13,0,5,1)  35 ]  | det=1? true
[439] 29 35 -13 0 -5 1  |  [ 29  (-13,0,-5,1) ; (-12,0,5,-1)  35 ]  | det=1? true
[440] 32 35 -12 2 -5 -2  |  [ 32  (-12,2,-5,-2) ; (-14,-2,5,2)  35 ]  | det=1? true
[441] 32 35 -14 2 -5 2  |  [ 32  (-14,2,-5,2) ; (-12,-2,5,-2)  35 ]  | det=1? true
[442] 32 35 -11 -10 -4 -3  |  [ 32  (-11,-10,-4,-3) ; (-14,10,4,3)  35 ]  | det=1? true
[443] 32 35 -14 -10 -4 3  |  [ 32  (-14,-10,-4,3) ; (-11,10,4,-3)  35 ]  | det=1? true
[444] 16 36 -2 -1 -1 -4  |  [ 16  (-2,-1,-1,-4) ; (-6,1,1,4)  36 ]  | det=1? true
[445] 16 36 -6 -1 -1 4  |  [ 16  (-6,-1,-1,4) ; (-2,1,1,-4)  36 ]  | det=1? true
[446] 29 36 -8 -1 -5 -2  |  [ 29  (-8,-1,-5,-2) ; (-10,1,5,2)  36 ]  | det=1? true
[447] 29 36 -10 -1 -5 2  |  [ 29  (-10,-1,-5,2) ; (-8,1,5,-2)  36 ]  | det=1? true
[448] 27 35 -7 -1 -1 -5  |  [ 27  (-7,-1,-1,-5) ; (-12,1,1,5)  35 ]  | det=1? true
[449] 29 35 -10 -6 -5 1  |  [ 29  (-10,-6,-5,1) ; (-9,6,5,-1)  35 ]  | det=1? true
[450] 31 35 -14 -3 -4 -3  |  [ 31  (-14,-3,-4,-3) ; (-17,3,4,3)  35 ]  | det=1? true
[451] 31 35 -17 -3 -4 3  |  [ 31  (-17,-3,-4,3) ; (-14,3,4,-3)  35 ]  | det=1? true
[452] 35 36 -16 -2 -5 -2  |  [ 35  (-16,-2,-5,-2) ; (-18,2,5,2)  36 ]  | det=1? true
[453] 24 35 -3 2 -4 -3  |  [ 24  (-3,2,-4,-3) ; (-6,-2,4,3)  35 ]  | det=1? true
[454] 29 35 -9 -6 -5 -1  |  [ 29  (-9,-6,-5,-1) ; (-10,6,5,1)  35 ]  | det=1? true
[455] 30 35 -13 -12 -2 -4  |  [ 30  (-13,-12,-2,-4) ; (-17,12,2,4)  35 ]  | det=1? true
[456] 30 35 -17 -12 -2 4  |  [ 30  (-17,-12,-2,4) ; (-13,12,2,-4)  35 ]  | det=1? true
[457] 35 35 -27 -6 -1 4  |  [ 35  (-27,-6,-1,4) ; (-23,6,1,-4)  35 ]  | det=1? true
[458] 13 35 -3 -2 -3 -2  |  [ 13  (-3,-2,-3,-2) ; (-5,2,3,2)  35 ]  | det=1? true
[459] 13 35 -5 -2 -3 2  |  [ 13  (-5,-2,-3,2) ; (-3,2,3,-2)  35 ]  | det=1? true
[460] 20 35 -8 -6 -1 -4  |  [ 20  (-8,-6,-1,-4) ; (-12,6,1,4)  35 ]  | det=1? true
[461] 25 35 -4 -3 -4 -3  |  [ 25  (-4,-3,-4,-3) ; (-7,3,4,3)  35 ]  | det=1? true
[462] 25 35 -7 -3 -4 3  |  [ 25  (-7,-3,-4,3) ; (-4,3,4,-3)  35 ]  | det=1? true
[463] 28 35 -2 -2 -2 -5  |  [ 28  (-2,-2,-2,-5) ; (-7,2,2,5)  35 ]  | det=1? true
[464] 18 35 -7 -2 -4 -1  |  [ 18  (-7,-2,-4,-1) ; (-8,2,4,1)  35 ]  | det=1? true
[465] 18 35 -8 -2 -4 1  |  [ 18  (-8,-2,-4,1) ; (-7,2,4,-1)  35 ]  | det=1? true
[466] 30 35 -7 -2 -2 -5  |  [ 30  (-7,-2,-2,-5) ; (-12,2,2,5)  35 ]  | det=1? true
[467] 30 35 -12 -2 -2 5  |  [ 30  (-12,-2,-2,5) ; (-7,2,2,-5)  35 ]  | det=1? true
[468] 34 36 0 -1 -1 -6  |  [ 34  (0,-1,-1,-6) ; (-6,1,1,6)  36 ]  | det=1? true
[469] 34 36 -6 -1 -1 6  |  [ 34  (-6,-1,-1,6) ; (0,1,1,-6)  36 ]  | det=1? true
[470] 35 35 -7 -3 -3 -5  |  [ 35  (-7,-3,-3,-5) ; (-12,3,3,5)  35 ]  | det=1? true
[471] 5 35 -2 -1 -2 -1  |  [ 5  (-2,-1,-2,-1) ; (-3,1,2,1)  35 ]  | det=1? true
[472] 38 38 -18 -9 -5 -2  |  [ 38  (-18,-9,-5,-2) ; (-20,9,5,2)  38 ]  | det=1? true
[473] 23 37 -4 1 -4 -3  |  [ 23  (-4,1,-4,-3) ; (-7,-1,4,3)  37 ]  | det=1? true
[474] 23 37 -7 1 -4 3  |  [ 23  (-7,1,-4,3) ; (-4,-1,4,-3)  37 ]  | det=1? true
[475] 29 38 -12 -8 -4 -3  |  [ 29  (-12,-8,-4,-3) ; (-15,8,4,3)  38 ]  | det=1? true
[476] 35 38 -12 -12 -2 -5  |  [ 35  (-12,-12,-2,-5) ; (-17,12,2,5)  38 ]  | det=1? true
[477] 35 38 -17 -12 -2 5  |  [ 35  (-17,-12,-2,5) ; (-12,12,2,-5)  38 ]  | det=1? true
[478] 16 37 -5 0 -4 -1  |  [ 16  (-5,0,-4,-1) ; (-6,0,4,1)  37 ]  | det=1? true
[479] 18 37 -8 -4 -4 -1  |  [ 18  (-8,-4,-4,-1) ; (-9,4,4,1)  37 ]  | det=1? true
[480] 18 37 -9 -4 -4 1  |  [ 18  (-9,-4,-4,1) ; (-8,4,4,-1)  37 ]  | det=1? true
[481] 25 37 -8 2 -5 -1  |  [ 25  (-8,2,-5,-1) ; (-9,-2,5,1)  37 ]  | det=1? true
[482] 25 37 -9 2 -5 1  |  [ 25  (-9,2,-5,1) ; (-8,-2,5,-1)  37 ]  | det=1? true
[483] 26 37 -2 1 -5 -2  |  [ 26  (-2,1,-5,-2) ; (-4,-1,5,2)  37 ]  | det=1? true
[484] 26 37 -4 1 -5 2  |  [ 26  (-4,1,-5,2) ; (-2,-1,5,-2)  37 ]  | det=1? true
[485] 28 37 -12 -3 -3 -4  |  [ 28  (-12,-3,-3,-4) ; (-16,3,3,4)  37 ]  | det=1? true
[486] 28 37 -16 -3 -3 4  |  [ 28  (-16,-3,-3,4) ; (-12,3,3,-4)  37 ]  | det=1? true
[487] 28 37 -10 -7 -3 -4  |  [ 28  (-10,-7,-3,-4) ; (-14,7,3,4)  37 ]  | det=1? true
[488] 31 37 -7 -2 -3 5  |  [ 31  (-7,-2,-3,5) ; (-2,2,3,-5)  37 ]  | det=1? true
[489] 34 37 -14 -12 -3 -4  |  [ 34  (-14,-12,-3,-4) ; (-18,12,3,4)  37 ]  | det=1? true
[490] 34 37 -18 -12 -3 4  |  [ 34  (-18,-12,-3,4) ; (-14,12,3,-4)  37 ]  | det=1? true
[491] 35 37 -16 -11 -4 -3  |  [ 35  (-16,-11,-4,-3) ; (-19,11,4,3)  37 ]  | det=1? true
[492] 35 37 -19 -11 -4 3  |  [ 35  (-19,-11,-4,3) ; (-16,11,4,-3)  37 ]  | det=1? true
[493] 37 37 -15 -14 -1 -5  |  [ 37  (-15,-14,-1,-5) ; (-20,14,1,5)  37 ]  | det=1? true
[494] 37 37 -20 -14 -1 5  |  [ 37  (-20,-14,-1,5) ; (-15,14,1,-5)  37 ]  | det=1? true
[495] 37 37 -6 0 -6 -2  |  [ 37  (-6,0,-6,-2) ; (-8,0,6,2)  37 ]  | det=1? true
[496] 37 37 -8 0 -6 2  |  [ 37  (-8,0,-6,2) ; (-6,0,6,-2)  37 ]  | det=1? true
[497] 24 38 -6 -4 -4 -3  |  [ 24  (-6,-4,-4,-3) ; (-9,4,4,3)  38 ]  | det=1? true
[498] 24 38 -9 -4 -4 3  |  [ 24  (-9,-4,-4,3) ; (-6,4,4,-3)  38 ]  | det=1? true
[499] 23 37 -3 -1 -3 -4  |  [ 23  (-3,-1,-3,-4) ; (-7,1,3,4)  37 ]  | det=1? true
[500] 23 37 -7 -1 -3 4  |  [ 23  (-7,-1,-3,4) ; (-3,1,3,-4)  37 ]  | det=1? true
[501] 27 37 -9 -5 -5 -1  |  [ 27  (-9,-5,-5,-1) ; (-10,5,5,1)  37 ]  | det=1? true
[502] 27 37 -5 -1 -5 -2  |  [ 27  (-5,-1,-5,-2) ; (-7,1,5,2)  37 ]  | det=1? true
[503] 27 37 -7 -1 -5 2  |  [ 27  (-7,-1,-5,2) ; (-5,1,5,-2)  37 ]  | det=1? true
[504] 28 37 -14 -7 -3 4  |  [ 28  (-14,-7,-3,4) ; (-10,7,3,-4)  37 ]  | det=1? true
[505] 29 37 -10 -8 -5 -1  |  [ 29  (-10,-8,-5,-1) ; (-11,8,5,1)  37 ]  | det=1? true
[506] 29 37 -11 -8 -5 1  |  [ 29  (-11,-8,-5,1) ; (-10,8,5,-1)  37 ]  | det=1? true
[507] 31 37 -2 -2 -3 -5  |  [ 31  (-2,-2,-3,-5) ; (-7,2,3,5)  37 ]  | det=1? true
[508] 22 38 -2 0 -4 -3  |  [ 22  (-2,0,-4,-3) ; (-5,0,4,3)  38 ]  | det=1? true
[509] 22 38 -5 0 -4 3  |  [ 22  (-5,0,-4,3) ; (-2,0,4,-3)  38 ]  | det=1? true
[510] 33 38 -11 -10 -2 -5  |  [ 33  (-11,-10,-2,-5) ; (-16,10,2,5)  38 ]  | det=1? true
[511] 33 38 -16 -10 -2 5  |  [ 33  (-16,-10,-2,5) ; (-11,10,2,-5)  38 ]  | det=1? true
[512] 37 38 -8 -8 -1 -6  |  [ 37  (-8,-8,-1,-6) ; (-14,8,1,6)  38 ]  | det=1? true
[513] 37 38 -14 -8 -1 6  |  [ 37  (-14,-8,-1,6) ; (-8,8,1,-6)  38 ]  | det=1? true
[514] 15 38 -3 2 -4 -1  |  [ 15  (-3,2,-4,-1) ; (-4,-2,4,1)  38 ]  | det=1? true
[515] 15 38 -4 2 -4 1  |  [ 15  (-4,2,-4,1) ; (-3,-2,4,-1)  38 ]  | det=1? true
[516] 16 37 -6 0 -4 1  |  [ 16  (-6,0,-4,1) ; (-5,0,4,-1)  37 ]  | det=1? true
[517] 26 37 -8 -5 -3 -4  |  [ 26  (-8,-5,-3,-4) ; (-12,5,3,4)  37 ]  | det=1? true
[518] 26 37 -12 -5 -3 4  |  [ 26  (-12,-5,-3,4) ; (-8,5,3,-4)  37 ]  | det=1? true
[519] 27 37 -7 -7 -1 -5  |  [ 27  (-7,-7,-1,-5) ; (-12,7,1,5)  37 ]  | det=1? true
[520] 37 37 -12 -6 -5 -3  |  [ 37  (-12,-6,-5,-3) ; (-15,6,5,3)  37 ]  | det=1? true
[521] 37 37 -15 -6 -5 3  |  [ 37  (-15,-6,-5,3) ; (-12,6,5,-3)  37 ]  | det=1? true
[522] 37 37 -4 -2 -2 -6  |  [ 37  (-4,-2,-2,-6) ; (-10,2,2,6)  37 ]  | det=1? true
[523] 12 38 -3 -2 -2 -3  |  [ 12  (-3,-2,-2,-3) ; (-6,2,2,3)  38 ]  | det=1? true
[524] 12 38 -6 -2 -2 3  |  [ 12  (-6,-2,-2,3) ; (-3,2,2,-3)  38 ]  | det=1? true
[525] 26 38 -10 -4 -4 -3  |  [ 26  (-10,-4,-4,-3) ; (-13,4,4,3)  38 ]  | det=1? true
[526] 26 38 -13 -4 -4 3  |  [ 26  (-13,-4,-4,3) ; (-10,4,4,-3)  38 ]  | det=1? true
[527] 29 37 -13 -9 -4 3  |  [ 29  (-13,-9,-4,3) ; (-10,9,4,-3)  37 ]  | det=1? true
[528] 35 37 -8 -7 -5 -3  |  [ 35  (-8,-7,-5,-3) ; (-11,7,5,3)  37 ]  | det=1? true
[529] 25 37 -6 -5 -4 -3  |  [ 25  (-6,-5,-4,-3) ; (-9,5,4,3)  37 ]  | det=1? true
[530] 25 37 -9 -5 -4 3  |  [ 25  (-9,-5,-4,3) ; (-6,5,4,-3)  37 ]  | det=1? true
[531] 13 38 -5 -4 -2 -3  |  [ 13  (-5,-4,-2,-3) ; (-8,4,2,3)  38 ]  | det=1? true
[532] 38 38 -8 -10 -1 -6  |  [ 38  (-8,-10,-1,-6) ; (-14,10,1,6)  38 ]  | det=1? true
[533] 38 38 -14 -10 -1 6  |  [ 38  (-14,-10,-1,6) ; (-8,10,1,-6)  38 ]  | det=1? true
[534] 38 38 -29 -2 -4 -1  |  [ 38  (-29,-2,-4,-1) ; (-30,2,4,1)  38 ]  | det=1? true
[535] 38 38 -30 -2 -4 1  |  [ 38  (-30,-2,-4,1) ; (-29,2,4,-1)  38 ]  | det=1? true
[536] 36 39 -13 0 -6 -1  |  [ 36  (-13,0,-6,-1) ; (-14,0,6,1)  39 ]  | det=1? true
[537] 36 39 -14 0 -6 1  |  [ 36  (-14,0,-6,1) ; (-13,0,6,-1)  39 ]  | det=1? true
[538] 15 40 -6 2 -4 -1  |  [ 15  (-6,2,-4,-1) ; (-7,-2,4,1)  40 ]  | det=1? true
[539] 15 40 -7 2 -4 1  |  [ 15  (-7,2,-4,1) ; (-6,-2,4,-1)  40 ]  | det=1? true
[540] 9 39 -4 0 -3 -1  |  [ 9  (-4,0,-3,-1) ; (-5,0,3,1)  39 ]  | det=1? true
[541] 9 39 -5 0 -3 1  |  [ 9  (-5,0,-3,1) ; (-4,0,3,-1)  39 ]  | det=1? true
[542] 9 39 -3 -1 -1 -3  |  [ 9  (-3,-1,-1,-3) ; (-6,1,1,3)  39 ]  | det=1? true
[543] 9 39 -6 -1 -1 3  |  [ 9  (-6,-1,-1,3) ; (-3,1,1,-3)  39 ]  | det=1? true
[544] 36 39 -10 -6 -6 -1  |  [ 36  (-10,-6,-6,-1) ; (-11,6,6,1)  39 ]  | det=1? true
[545] 36 39 -11 -6 -6 1  |  [ 36  (-11,-6,-6,1) ; (-10,6,6,-1)  39 ]  | det=1? true
[546] 40 40 -20 -17 -5 0  |  [ 40  (-20,-17,-5,0) ; (-20,17,5,0)  40 ]  | det=1? true
[547] 16 39 -4 -5 -1 -4  |  [ 16  (-4,-5,-1,-4) ; (-8,5,1,4)  39 ]  | det=1? true
[548] 23 39 -6 1 -5 -1  |  [ 23  (-6,1,-5,-1) ; (-7,-1,5,1)  39 ]  | det=1? true
[549] 23 39 -7 1 -5 1  |  [ 23  (-7,1,-5,1) ; (-6,-1,5,-1)  39 ]  | det=1? true
[550] 37 40 -16 -13 -5 -2  |  [ 37  (-16,-13,-5,-2) ; (-18,13,5,2)  40 ]  | det=1? true
[551] 37 40 -18 -13 -5 2  |  [ 37  (-18,-13,-5,2) ; (-16,13,5,-2)  40 ]  | det=1? true
[552] 37 40 -11 -2 -6 -2  |  [ 37  (-11,-2,-6,-2) ; (-13,2,6,2)  40 ]  | det=1? true
[553] 37 40 -13 -2 -6 2  |  [ 37  (-13,-2,-6,2) ; (-11,2,6,-2)  40 ]  | det=1? true
[554] 15 39 -3 -1 -1 -4  |  [ 15  (-3,-1,-1,-4) ; (-7,1,1,4)  39 ]  | det=1? true
[555] 15 39 -7 -1 -1 4  |  [ 15  (-7,-1,-1,4) ; (-3,1,1,-4)  39 ]  | det=1? true
[556] 28 39 -10 -2 -5 -2  |  [ 28  (-10,-2,-5,-2) ; (-12,2,5,2)  39 ]  | det=1? true
[557] 28 39 -12 -2 -5 2  |  [ 28  (-12,-2,-5,2) ; (-10,2,5,-2)  39 ]  | det=1? true
[558] 37 39 -15 -5 -5 -3  |  [ 37  (-15,-5,-5,-3) ; (-18,5,5,3)  39 ]  | det=1? true
[559] 37 39 -18 -5 -5 3  |  [ 37  (-18,-5,-5,3) ; (-15,5,5,-3)  39 ]  | det=1? true
[560] 37 39 -7 -1 -4 -5  |  [ 37  (-7,-1,-4,-5) ; (-12,1,4,5)  39 ]  | det=1? true
[561] 37 39 -12 -1 -4 5  |  [ 37  (-12,-1,-4,5) ; (-7,1,4,-5)  39 ]  | det=1? true
[562] 11 40 -2 0 -2 -3  |  [ 11  (-2,0,-2,-3) ; (-5,0,2,3)  40 ]  | det=1? true
[563] 11 40 -5 0 -2 3  |  [ 11  (-5,0,-2,3) ; (-2,0,2,-3)  40 ]  | det=1? true
[564] 15 40 -4 -2 -1 -4  |  [ 15  (-4,-2,-1,-4) ; (-8,2,1,4)  40 ]  | det=1? true
[565] 32 40 -6 -2 -6 -1  |  [ 32  (-6,-2,-6,-1) ; (-7,2,6,1)  40 ]  | det=1? true
[566] 32 40 -7 -2 -6 1  |  [ 32  (-7,-2,-6,1) ; (-6,2,6,-1)  40 ]  | det=1? true
[567] 35 40 -5 -4 -2 -6  |  [ 35  (-5,-4,-2,-6) ; (-11,4,2,6)  40 ]  | det=1? true
[568] 35 40 -11 -4 -2 6  |  [ 35  (-11,-4,-2,6) ; (-5,4,2,-6)  40 ]  | det=1? true
[569] 35 40 -4 -2 -5 -4  |  [ 35  (-4,-2,-5,-4) ; (-8,2,5,4)  40 ]  | det=1? true
[570] 35 40 -8 -2 -5 4  |  [ 35  (-8,-2,-5,4) ; (-4,2,5,-4)  40 ]  | det=1? true
[571] 37 40 -9 -4 -2 -6  |  [ 37  (-9,-4,-2,-6) ; (-15,4,2,6)  40 ]  | det=1? true
[572] 37 40 -15 -4 -2 6  |  [ 37  (-15,-4,-2,6) ; (-9,4,2,-6)  40 ]  | det=1? true
[573] 22 39 -4 0 -3 -4  |  [ 22  (-4,0,-3,-4) ; (-8,0,3,4)  39 ]  | det=1? true
[574] 22 39 -8 0 -3 4  |  [ 22  (-8,0,-3,4) ; (-4,0,3,-4)  39 ]  | det=1? true
[575] 21 40 -3 2 -4 -3  |  [ 21  (-3,2,-4,-3) ; (-6,-2,4,3)  40 ]  | det=1? true
[576] 21 40 -6 2 -4 3  |  [ 21  (-6,2,-4,3) ; (-3,-2,4,-3)  40 ]  | det=1? true
[577] 33 40 -2 3 -6 -2  |  [ 33  (-2,3,-6,-2) ; (-4,-3,6,2)  40 ]  | det=1? true
[578] 33 40 -4 3 -6 2  |  [ 33  (-4,3,-6,2) ; (-2,-3,6,-2)  40 ]  | det=1? true
[579] 34 40 -18 -12 -2 5  |  [ 34  (-18,-12,-2,5) ; (-13,12,2,-5)  40 ]  | det=1? true
[580] 35 40 -7 -2 -6 -2  |  [ 35  (-7,-2,-6,-2) ; (-9,2,6,2)  40 ]  | det=1? true
[581] 35 40 -9 -2 -6 2  |  [ 35  (-9,-2,-6,2) ; (-7,2,6,-2)  40 ]  | det=1? true
[582] 37 40 -6 -6 -4 -5  |  [ 37  (-6,-6,-4,-5) ; (-11,6,4,5)  40 ]  | det=1? true
[583] 37 40 -11 -6 -4 5  |  [ 37  (-11,-6,-4,5) ; (-6,6,4,-5)  40 ]  | det=1? true
[584] 27 39 -9 1 -5 -2  |  [ 27  (-9,1,-5,-2) ; (-11,-1,5,2)  39 ]  | det=1? true
[585] 27 39 -11 1 -5 2  |  [ 27  (-11,1,-5,2) ; (-9,-1,5,-2)  39 ]  | det=1? true
[586] 28 39 -9 -2 -2 -5  |  [ 28  (-9,-2,-2,-5) ; (-14,2,2,5)  39 ]  | det=1? true
[587] 28 39 -14 -2 -2 5  |  [ 28  (-14,-2,-2,5) ; (-9,2,2,-5)  39 ]  | det=1? true
[588] 38 39 -15 -14 -2 -5  |  [ 38  (-15,-14,-2,-5) ; (-20,14,2,5)  39 ]  | det=1? true
[589] 34 40 -13 -12 -2 -5  |  [ 34  (-13,-12,-2,-5) ; (-18,12,2,5)  40 ]  | det=1? true
[590] 19 39 -8 0 -4 -2  |  [ 19  (-8,0,-4,-2) ; (-10,0,4,2)  39 ]  | det=1? true
[591] 19 39 -10 0 -4 2  |  [ 19  (-10,0,-4,2) ; (-8,0,4,-2)  39 ]  | det=1? true
[592] 26 40 -11 -6 -4 -3  |  [ 26  (-11,-6,-4,-3) ; (-14,6,4,3)  40 ]  | det=1? true
[593] 36 40 -12 -1 -1 -6  |  [ 36  (-12,-1,-1,-6) ; (-18,1,1,6)  40 ]  | det=1? true
[594] 36 40 -18 -1 -1 6  |  [ 36  (-18,-1,-1,6) ; (-12,1,1,-6)  40 ]  | det=1? true
[595] 34 40 -6 3 -6 -2  |  [ 34  (-6,3,-6,-2) ; (-8,-3,6,2)  40 ]  | det=1? true
[596] 33 40 0 1 -2 -6  |  [ 33  (0,1,-2,-6) ; (-6,-1,2,6)  40 ]  | det=1? true
[597] 33 40 -6 1 -2 6  |  [ 33  (-6,1,-2,6) ; (0,-1,2,-6)  40 ]  | det=1? true
[598] 40 40 -10 -8 -4 -5  |  [ 40  (-10,-8,-4,-5) ; (-15,8,4,5)  40 ]  | det=1? true
[599] 40 40 -15 -8 -4 5  |  [ 40  (-15,-8,-4,5) ; (-10,8,4,-5)  40 ]  | det=1? true
[600] 37 40 -12 3 -6 -2  |  [ 37  (-12,3,-6,-2) ; (-14,-3,6,2)  40 ]  | det=1? true
[601] 37 40 -14 3 -6 2  |  [ 37  (-14,3,-6,2) ; (-12,-3,6,-2)  40 ]  | det=1? true
[602] 40 40 -13 -2 -4 -5  |  [ 40  (-13,-2,-4,-5) ; (-18,2,4,5)  40 ]  | det=1? true
[603] 9 41 -4 -3 -3 -1  |  [ 9  (-4,-3,-3,-1) ; (-5,3,3,1)  41 ]  | det=1? true
[604] 9 41 -5 -3 -3 1  |  [ 9  (-5,-3,-3,1) ; (-4,3,3,-1)  41 ]  | det=1? true
[605] 14 42 -5 2 -4 -1  |  [ 14  (-5,2,-4,-1) ; (-6,-2,4,1)  42 ]  | det=1? true
[606] 14 42 -6 2 -4 1  |  [ 14  (-6,2,-4,1) ; (-5,-2,4,-1)  42 ]  | det=1? true
[607] 15 41 -2 -2 -3 -3  |  [ 15  (-2,-2,-3,-3) ; (-5,2,3,3)  41 ]  | det=1? true
[608] 27 41 -9 -5 -5 -2  |  [ 27  (-9,-5,-5,-2) ; (-11,5,5,2)  41 ]  | det=1? true
[609] 27 41 -11 -5 -5 2  |  [ 27  (-11,-5,-5,2) ; (-9,5,5,-2)  41 ]  | det=1? true
[610] 28 41 -12 -10 -3 -4  |  [ 28  (-12,-10,-3,-4) ; (-16,10,3,4)  41 ]  | det=1? true
[611] 28 41 -16 -10 -3 4  |  [ 28  (-16,-10,-3,4) ; (-12,10,3,-4)  41 ]  | det=1? true
[612] 30 41 -12 -8 -5 -2  |  [ 30  (-12,-8,-5,-2) ; (-14,8,5,2)  41 ]  | det=1? true
[613] 30 41 -14 -8 -5 2  |  [ 30  (-14,-8,-5,2) ; (-12,8,5,-2)  41 ]  | det=1? true
[614] 16 42 -3 2 -4 -2  |  [ 16  (-3,2,-4,-2) ; (-5,-2,4,2)  42 ]  | det=1? true
[615] 16 42 -2 1 -2 -4  |  [ 16  (-2,1,-2,-4) ; (-6,-1,2,4)  42 ]  | det=1? true
[616] 37 42 -12 2 -4 -5  |  [ 37  (-12,2,-4,-5) ; (-17,-2,4,5)  42 ]  | det=1? true
[617] 37 42 -17 2 -4 5  |  [ 37  (-17,2,-4,5) ; (-12,-2,4,-5)  42 ]  | det=1? true
[618] 40 42 -11 -4 -6 -3  |  [ 40  (-11,-4,-6,-3) ; (-14,4,6,3)  42 ]  | det=1? true
[619] 40 42 -14 -4 -6 3  |  [ 40  (-14,-4,-6,3) ; (-11,4,6,-3)  42 ]  | det=1? true
[620] 42 42 -18 -10 -1 -6  |  [ 42  (-18,-10,-1,-6) ; (-24,10,1,6)  42 ]  | det=1? true
[621] 42 42 -24 -10 -1 6  |  [ 42  (-24,-10,-1,6) ; (-18,10,1,-6)  42 ]  | det=1? true
[622] 10 43 0 0 -2 -3  |  [ 10  (0,0,-2,-3) ; (-3,0,2,3)  43 ]  | det=1? true
[623] 10 43 -3 0 -2 3  |  [ 10  (-3,0,-2,3) ; (0,0,2,-3)  43 ]  | det=1? true
[624] 21 43 -7 0 -3 -4  |  [ 21  (-7,0,-3,-4) ; (-11,0,3,4)  43 ]  | det=1? true
[625] 21 43 -11 0 -3 4  |  [ 21  (-11,0,-3,4) ; (-7,0,3,-4)  43 ]  | det=1? true
[626] 39 43 -17 -1 -3 6  |  [ 39  (-17,-1,-3,6) ; (-11,1,3,-6)  43 ]  | det=1? true
[627] 39 44 -10 -7 -3 -6  |  [ 39  (-10,-7,-3,-6) ; (-16,7,3,6)  44 ]  | det=1? true
[628] 39 44 -16 -7 -3 6  |  [ 39  (-16,-7,-3,6) ; (-10,7,3,-6)  44 ]  | det=1? true
[629] 44 44 -12 -3 -6 -4  |  [ 44  (-12,-3,-6,-4) ; (-16,3,6,4)  44 ]  | det=1? true
[630] 44 44 -16 -3 -6 4  |  [ 44  (-16,-3,-6,4) ; (-12,3,6,-4)  44 ]  | det=1? true
[631] 44 44 -11 -4 -4 -6  |  [ 44  (-11,-4,-4,-6) ; (-17,4,4,6)  44 ]  | det=1? true
[632] 44 44 -17 -4 -4 6  |  [ 44  (-17,-4,-4,6) ; (-11,4,4,-6)  44 ]  | det=1? true
[633] 23 41 -9 0 -3 -4  |  [ 23  (-9,0,-3,-4) ; (-13,0,3,4)  41 ]  | det=1? true
[634] 29 41 -6 0 -3 -5  |  [ 29  (-6,0,-3,-5) ; (-11,0,3,5)  41 ]  | det=1? true
[635] 31 41 -15 1 -3 5  |  [ 31  (-15,1,-3,5) ; (-10,-1,3,-5)  41 ]  | det=1? true
[636] 32 41 -13 -10 -2 -5  |  [ 32  (-13,-10,-2,-5) ; (-18,10,2,5)  41 ]  | det=1? true
[637] 32 41 -18 -10 -2 5  |  [ 32  (-18,-10,-2,5) ; (-13,10,2,-5)  41 ]  | det=1? true
[638] 33 41 -12 -5 -5 -3  |  [ 33  (-12,-5,-5,-3) ; (-15,5,5,3)  41 ]  | det=1? true
[639] 36 41 -13 -6 -6 -1  |  [ 36  (-13,-6,-6,-1) ; (-14,6,6,1)  41 ]  | det=1? true
[640] 36 41 -14 -6 -6 1  |  [ 36  (-14,-6,-6,1) ; (-13,6,6,-1)  41 ]  | det=1? true
[641] 40 41 -18 -8 -6 1  |  [ 40  (-18,-8,-6,1) ; (-17,8,6,-1)  41 ]  | det=1? true
[642] 41 41 -34 1 -4 1  |  [ 41  (-34,1,-4,1) ; (-33,-1,4,-1)  41 ]  | det=1? true
[643] 41 41 -14 -8 -2 -6  |  [ 41  (-14,-8,-2,-6) ; (-20,8,2,6)  41 ]  | det=1? true
[644] 41 41 -20 -8 -2 6  |  [ 41  (-20,-8,-2,6) ; (-14,8,2,-6)  41 ]  | det=1? true
[645] 17 42 -8 -1 -4 2  |  [ 17  (-8,-1,-4,2) ; (-6,1,4,-2)  42 ]  | det=1? true
[646] 26 42 -10 -2 -5 -2  |  [ 26  (-10,-2,-5,-2) ; (-12,2,5,2)  42 ]  | det=1? true
[647] 33 42 -4 2 -4 -5  |  [ 33  (-4,2,-4,-5) ; (-9,-2,4,5)  42 ]  | det=1? true
[648] 33 42 -9 2 -4 5  |  [ 33  (-9,2,-4,5) ; (-4,-2,4,-5)  42 ]  | det=1? true
[649] 37 42 -4 -4 -3 -6  |  [ 37  (-4,-4,-3,-6) ; (-10,4,3,6)  42 ]  | det=1? true
[650] 40 42 -16 -1 -5 -4  |  [ 40  (-16,-1,-5,-4) ; (-20,1,5,4)  42 ]  | det=1? true
[651] 40 42 -20 -1 -5 4  |  [ 40  (-20,-1,-5,4) ; (-16,1,5,-4)  42 ]  | det=1? true
[652] 41 42 -16 -4 -4 -5  |  [ 41  (-16,-4,-4,-5) ; (-21,4,4,5)  42 ]  | det=1? true
[653] 41 42 -21 -4 -4 5  |  [ 41  (-21,-4,-4,5) ; (-16,4,4,-5)  42 ]  | det=1? true
[654] 24 43 -5 -4 -2 -5  |  [ 24  (-5,-4,-2,-5) ; (-10,4,2,5)  43 ]  | det=1? true
[655] 24 43 -10 -4 -2 5  |  [ 24  (-10,-4,-2,5) ; (-5,4,2,-5)  43 ]  | det=1? true
[656] 25 43 -14 -9 -1 5  |  [ 25  (-14,-9,-1,5) ; (-9,9,1,-5)  43 ]  | det=1? true
[657] 38 43 -9 -4 -6 -3  |  [ 38  (-9,-4,-6,-3) ; (-12,4,6,3)  43 ]  | det=1? true
[658] 38 43 -12 -4 -6 3  |  [ 38  (-12,-4,-6,3) ; (-9,4,6,-3)  43 ]  | det=1? true
[659] 43 43 -19 -15 -3 -5  |  [ 43  (-19,-15,-3,-5) ; (-24,15,3,5)  43 ]  | det=1? true
[660] 43 43 -6 -6 -4 -6  |  [ 43  (-6,-6,-4,-6) ; (-12,6,4,6)  43 ]  | det=1? true
[661] 43 43 -12 -6 -4 6  |  [ 43  (-12,-6,-4,6) ; (-6,6,4,-6)  43 ]  | det=1? true
[662] 34 44 -12 -1 -6 -2  |  [ 34  (-12,-1,-6,-2) ; (-14,1,6,2)  44 ]  | det=1? true
[663] 34 44 -14 -1 -6 2  |  [ 34  (-14,-1,-6,2) ; (-12,1,6,-2)  44 ]  | det=1? true
[664] 34 44 -16 -3 -2 6  |  [ 34  (-16,-3,-2,6) ; (-10,3,2,-6)  44 ]  | det=1? true
[665] 34 44 -8 -7 -2 -6  |  [ 34  (-8,-7,-2,-6) ; (-14,7,2,6)  44 ]  | det=1? true
[666] 34 44 -14 -7 -2 6  |  [ 34  (-14,-7,-2,6) ; (-8,7,2,-6)  44 ]  | det=1? true
[667] 16 41 1 2 -4 -2  |  [ 16  (1,2,-4,-2) ; (-1,-2,4,2)  41 ]  | det=1? true
[668] 16 41 -1 2 -4 2  |  [ 16  (-1,2,-4,2) ; (1,-2,4,-2)  41 ]  | det=1? true
[669] 21 41 -2 1 -5 -1  |  [ 21  (-2,1,-5,-1) ; (-3,-1,5,1)  41 ]  | det=1? true
[670] 26 41 -7 -4 -2 -5  |  [ 26  (-7,-4,-2,-5) ; (-12,4,2,5)  41 ]  | det=1? true
[671] 26 41 -12 -4 -2 5  |  [ 26  (-12,-4,-2,5) ; (-7,4,2,-5)  41 ]  | det=1? true
[672] 31 41 -11 2 -5 -3  |  [ 31  (-11,2,-5,-3) ; (-14,-2,5,3)  41 ]  | det=1? true
[673] 31 41 -14 2 -5 3  |  [ 31  (-14,2,-5,3) ; (-11,-2,5,-3)  41 ]  | det=1? true
[674] 32 41 -2 3 -6 2  |  [ 32  (-2,3,-6,2) ; (0,-3,6,-2)  41 ]  | det=1? true
[675] 35 41 -7 1 -4 -5  |  [ 35  (-7,1,-4,-5) ; (-12,-1,4,5)  41 ]  | det=1? true
[676] 35 41 -12 1 -4 5  |  [ 35  (-12,1,-4,5) ; (-7,-1,4,-5)  41 ]  | det=1? true
[677] 39 41 -13 -3 -5 -4  |  [ 39  (-13,-3,-5,-4) ; (-17,3,5,4)  41 ]  | det=1? true
[678] 41 41 -28 -6 -5 1  |  [ 41  (-28,-6,-5,1) ; (-27,6,5,-1)  41 ]  | det=1? true
[679] 25 42 -7 -2 -2 -5  |  [ 25  (-7,-2,-2,-5) ; (-12,2,2,5)  42 ]  | det=1? true
[680] 25 42 -12 -2 -2 5  |  [ 25  (-12,-2,-2,5) ; (-7,2,2,-5)  42 ]  | det=1? true
[681] 23 43 -5 1 -5 -2  |  [ 23  (-5,1,-5,-2) ; (-7,-1,5,2)  43 ]  | det=1? true
[682] 24 43 -6 -2 -2 -5  |  [ 24  (-6,-2,-2,-5) ; (-11,2,2,5)  43 ]  | det=1? true
[683] 24 43 -11 -2 -2 5  |  [ 24  (-11,-2,-2,5) ; (-6,2,2,-5)  43 ]  | det=1? true
[684] 25 43 -9 -9 -1 -5  |  [ 25  (-9,-9,-1,-5) ; (-14,9,1,5)  43 ]  | det=1? true
[685] 27 43 -8 -9 -2 -5  |  [ 27  (-8,-9,-2,-5) ; (-13,9,2,5)  43 ]  | det=1? true
[686] 27 43 -13 -9 -2 5  |  [ 27  (-13,-9,-2,5) ; (-8,9,2,-5)  43 ]  | det=1? true
[687] 32 43 -5 0 -2 -6  |  [ 32  (-5,0,-2,-6) ; (-11,0,2,6)  43 ]  | det=1? true
[688] 32 43 -11 0 -2 6  |  [ 32  (-11,0,-2,6) ; (-5,0,2,-6)  43 ]  | det=1? true
[689] 19 44 -2 1 -3 -4  |  [ 19  (-2,1,-3,-4) ; (-6,-1,3,4)  44 ]  | det=1? true
[690] 19 44 -6 1 -3 4  |  [ 19  (-6,1,-3,4) ; (-2,-1,3,-4)  44 ]  | det=1? true
[691] 31 44 -6 1 -6 -2  |  [ 31  (-6,1,-6,-2) ; (-8,-1,6,2)  44 ]  | det=1? true
[692] 31 44 -8 1 -6 2  |  [ 31  (-8,1,-6,2) ; (-6,-1,6,-2)  44 ]  | det=1? true
[693] 34 44 -10 -3 -2 -6  |  [ 34  (-10,-3,-2,-6) ; (-16,3,2,6)  44 ]  | det=1? true
[694] 41 44 -15 -12 -2 -6  |  [ 41  (-15,-12,-2,-6) ; (-21,12,2,6)  44 ]  | det=1? true
[695] 41 44 -21 -12 -2 6  |  [ 41  (-21,-12,-2,6) ; (-15,12,2,-6)  44 ]  | det=1? true
[696] 42 44 -8 -2 -7 -2  |  [ 42  (-8,-2,-7,-2) ; (-10,2,7,2)  44 ]  | det=1? true
[697] 42 44 -10 -2 -7 2  |  [ 42  (-10,-2,-7,2) ; (-8,2,7,-2)  44 ]  | det=1? true
[698] 43 44 -16 -6 -3 -6  |  [ 43  (-16,-6,-3,-6) ; (-22,6,3,6)  44 ]  | det=1? true
[699] 20 41 1 2 -4 -3  |  [ 20  (1,2,-4,-3) ; (-2,-2,4,3)  41 ]  | det=1? true
[700] 20 41 -2 2 -4 3  |  [ 20  (-2,2,-4,3) ; (1,-2,4,-3)  41 ]  | det=1? true
[701] 27 41 -13 -6 -5 -1  |  [ 27  (-13,-6,-5,-1) ; (-14,6,5,1)  41 ]  | det=1? true
[702] 29 41 -11 0 -3 5  |  [ 29  (-11,0,-3,5) ; (-6,0,3,-5)  41 ]  | det=1? true
[703] 38 41 -12 0 -4 -5  |  [ 38  (-12,0,-4,-5) ; (-17,0,4,5)  41 ]  | det=1? true
[704] 38 41 -17 0 -4 5  |  [ 38  (-17,0,-4,5) ; (-12,0,4,-5)  41 ]  | det=1? true
[705] 34 42 -8 -3 -6 -2  |  [ 34  (-8,-3,-6,-2) ; (-10,3,6,2)  42 ]  | det=1? true
[706] 34 42 -6 -5 -2 -6  |  [ 34  (-6,-5,-2,-6) ; (-12,5,2,6)  42 ]  | det=1? true
[707] 34 42 -12 -5 -2 6  |  [ 34  (-12,-5,-2,6) ; (-6,5,2,-6)  42 ]  | det=1? true
[708] 38 42 -12 -5 -5 -4  |  [ 38  (-12,-5,-5,-4) ; (-16,5,5,4)  42 ]  | det=1? true
[709] 38 42 -16 -5 -5 4  |  [ 38  (-16,-5,-5,4) ; (-12,5,5,-4)  42 ]  | det=1? true
[710] 32 43 -6 -1 -6 -2  |  [ 32  (-6,-1,-6,-2) ; (-8,1,6,2)  43 ]  | det=1? true
[711] 32 43 -8 -1 -6 2  |  [ 32  (-8,-1,-6,2) ; (-6,1,6,-2)  43 ]  | det=1? true
[712] 30 44 -2 3 -6 -2  |  [ 30  (-2,3,-6,-2) ; (-4,-3,6,2)  44 ]  | det=1? true
[713] 30 44 -4 3 -6 2  |  [ 30  (-4,3,-6,2) ; (-2,-3,6,-2)  44 ]  | det=1? true
[714] 38 44 -14 -6 -5 -4  |  [ 38  (-14,-6,-5,-4) ; (-18,6,5,4)  44 ]  | det=1? true
[715] 38 44 -18 -6 -5 4  |  [ 38  (-18,-6,-5,4) ; (-14,6,5,-4)  44 ]  | det=1? true
[716] 40 44 -14 -10 -4 -5  |  [ 40  (-14,-10,-4,-5) ; (-19,10,4,5)  44 ]  | det=1? true
[717] 40 44 -19 -10 -4 5  |  [ 40  (-19,-10,-4,5) ; (-14,10,4,-5)  44 ]  | det=1? true
[718] 33 41 -11 -6 -3 -5  |  [ 33  (-11,-6,-3,-5) ; (-16,6,3,5)  41 ]  | det=1? true
[719] 33 41 -16 -6 -3 5  |  [ 33  (-16,-6,-3,5) ; (-11,6,3,-5)  41 ]  | det=1? true
[720] 35 42 -8 -2 -4 -5  |  [ 35  (-8,-2,-4,-5) ; (-13,2,4,5)  42 ]  | det=1? true
[721] 35 42 -13 -2 -4 5  |  [ 35  (-13,-2,-4,5) ; (-8,2,4,-5)  42 ]  | det=1? true
[722] 23 43 -7 1 -5 2  |  [ 23  (-7,1,-5,2) ; (-5,-1,5,-2)  43 ]  | det=1? true
[723] 41 43 -17 -15 -5 -3  |  [ 41  (-17,-15,-5,-3) ; (-20,15,5,3)  43 ]  | det=1? true
[724] 41 43 -20 -15 -5 3  |  [ 41  (-20,-15,-5,3) ; (-17,15,5,-3)  43 ]  | det=1? true
[725] 6 44 0 1 -2 -2  |  [ 6  (0,1,-2,-2) ; (-2,-1,2,2)  44 ]  | det=1? true
[726] 30 44 0 1 -2 -6  |  [ 30  (0,1,-2,-6) ; (-6,-1,2,6)  44 ]  | det=1? true
[727] 31 44 -8 -5 -1 -6  |  [ 31  (-8,-5,-1,-6) ; (-14,5,1,6)  44 ]  | det=1? true
[728] 33 43 -14 -13 -2 -5  |  [ 33  (-14,-13,-2,-5) ; (-19,13,2,5)  43 ]  | det=1? true
[729] 31 44 -14 -5 -1 6  |  [ 31  (-14,-5,-1,6) ; (-8,5,1,-6)  44 ]  | det=1? true
[730] 21 43 -6 -2 -5 1  |  [ 21  (-6,-2,-5,1) ; (-5,2,5,-1)  43 ]  | det=1? true
[731] 34 43 -16 0 -6 1  |  [ 34  (-16,0,-6,1) ; (-15,0,6,-1)  43 ]  | det=1? true
[732] 38 43 -20 -11 -1 6  |  [ 38  (-20,-11,-1,6) ; (-14,11,1,-6)  43 ]  | det=1? true
[733] 38 43 -14 -11 -1 -6  |  [ 38  (-14,-11,-1,-6) ; (-20,11,1,6)  43 ]  | det=1? true
[734] 41 41 -18 0 -6 -2  |  [ 41  (-18,0,-6,-2) ; (-20,0,6,2)  41 ]  | det=1? true
[735] 41 41 -16 -6 -6 -2  |  [ 41  (-16,-6,-6,-2) ; (-18,6,6,2)  41 ]  | det=1? true
[736] 31 43 -7 -4 -1 -6  |  [ 31  (-7,-4,-1,-6) ; (-13,4,1,6)  43 ]  | det=1? true
[737] 31 43 -13 -4 -1 6  |  [ 31  (-13,-4,-1,6) ; (-7,4,1,-6)  43 ]  | det=1? true
[738] 44 44 -18 -3 -3 -6  |  [ 44  (-18,-3,-3,-6) ; (-24,3,3,6)  44 ]  | det=1? true
[739] 36 41 -9 2 -4 -5  |  [ 36  (-9,2,-4,-5) ; (-14,-2,4,5)  41 ]  | det=1? true
[740] 36 41 -14 2 -4 5  |  [ 36  (-14,2,-4,5) ; (-9,-2,4,-5)  41 ]  | det=1? true
[741] 42 42 -18 -2 -5 -4  |  [ 42  (-18,-2,-5,-4) ; (-22,2,5,4)  42 ]  | det=1? true
[742] 25 41 -11 -5 -4 -3  |  [ 25  (-11,-5,-4,-3) ; (-14,5,4,3)  41 ]  | det=1? true
[743] 7 47 0 1 -3 -1  |  [ 7  (0,1,-3,-1) ; (-1,-1,3,1)  47 ]  | det=1? true
[744] 7 47 -1 1 -3 1  |  [ 7  (-1,1,-3,1) ; (0,-1,3,-1)  47 ]  | det=1? true
[745] 14 48 -2 1 -2 -4  |  [ 14  (-2,1,-2,-4) ; (-6,-1,2,4)  48 ]  | det=1? true
[746] 36 45 -14 0 -4 -5  |  [ 36  (-14,0,-4,-5) ; (-19,0,4,5)  45 ]  | det=1? true
[747] 36 45 -19 0 -4 5  |  [ 36  (-19,0,-4,5) ; (-14,0,4,-5)  45 ]  | det=1? true
[748] 38 45 -16 -2 -6 3  |  [ 38  (-16,-2,-6,3) ; (-13,2,6,-3)  45 ]  | det=1? true
[749] 41 45 -5 -5 -2 -7  |  [ 41  (-5,-5,-2,-7) ; (-12,5,2,7)  45 ]  | det=1? true
[750] 22 46 -6 -1 -5 -2  |  [ 22  (-6,-1,-5,-2) ; (-8,1,5,2)  46 ]  | det=1? true
[751] 22 46 -8 -1 -5 2  |  [ 22  (-8,-1,-5,2) ; (-6,1,5,-2)  46 ]  | det=1? true
[752] 39 46 -4 0 -2 -7  |  [ 39  (-4,0,-2,-7) ; (-11,0,2,7)  46 ]  | det=1? true
[753] 39 46 -11 0 -2 7  |  [ 39  (-11,0,-2,7) ; (-4,0,2,-7)  46 ]  | det=1? true
[754] 40 46 -8 -3 -6 -4  |  [ 40  (-8,-3,-6,-4) ; (-12,3,6,4)  46 ]  | det=1? true
[755] 40 46 -12 -3 -6 4  |  [ 40  (-12,-3,-6,4) ; (-8,3,6,-4)  46 ]  | det=1? true
[756] 39 47 -13 0 -7 -1  |  [ 39  (-13,0,-7,-1) ; (-14,0,7,1)  47 ]  | det=1? true
[757] 39 47 -14 0 -7 1  |  [ 39  (-14,0,-7,1) ; (-13,0,7,-1)  47 ]  | det=1? true
[758] 29 48 -6 1 -2 -6  |  [ 29  (-6,1,-2,-6) ; (-12,-1,2,6)  48 ]  | det=1? true
[759] 29 48 -12 1 -2 6  |  [ 29  (-12,1,-2,6) ; (-6,-1,2,-6)  48 ]  | det=1? true
[760] 36 48 -13 -10 -4 -5  |  [ 36  (-13,-10,-4,-5) ; (-18,10,4,5)  48 ]  | det=1? true
[761] 36 48 -18 -10 -4 5  |  [ 36  (-18,-10,-4,5) ; (-13,10,4,-5)  48 ]  | det=1? true
[762] 45 48 -5 4 -8 -1  |  [ 45  (-5,4,-8,-1) ; (-6,-4,8,1)  48 ]  | det=1? true
[763] 48 48 -25 -18 -6 -1  |  [ 48  (-25,-18,-6,-1) ; (-26,18,6,1)  48 ]  | det=1? true
[764] 36 45 -13 -4 -4 -5  |  [ 36  (-13,-4,-4,-5) ; (-18,4,4,5)  45 ]  | det=1? true
[765] 36 45 -18 -4 -4 5  |  [ 36  (-18,-4,-4,5) ; (-13,4,4,-5)  45 ]  | det=1? true
[766] 36 45 -10 -9 -5 -4  |  [ 36  (-10,-9,-5,-4) ; (-14,9,5,4)  45 ]  | det=1? true
[767] 38 45 -16 -4 -5 -4  |  [ 38  (-16,-4,-5,-4) ; (-20,4,5,4)  45 ]  | det=1? true
[768] 38 45 -20 -4 -5 4  |  [ 38  (-20,-4,-5,4) ; (-16,4,5,-4)  45 ]  | det=1? true
[769] 38 45 -13 -2 -6 -3  |  [ 38  (-13,-2,-6,-3) ; (-16,2,6,3)  45 ]  | det=1? true
[770] 40 45 -18 -5 -5 -4  |  [ 40  (-18,-5,-5,-4) ; (-22,5,5,4)  45 ]  | det=1? true
[771] 40 45 -22 -5 -5 4  |  [ 40  (-22,-5,-5,4) ; (-18,5,5,-4)  45 ]  | det=1? true
[772] 30 46 -4 2 -5 -4  |  [ 30  (-4,2,-5,-4) ; (-8,-2,5,4)  46 ]  | det=1? true
[773] 34 46 -10 -6 -4 -5  |  [ 34  (-10,-6,-4,-5) ; (-15,6,4,5)  46 ]  | det=1? true
[774] 34 46 -15 -6 -4 5  |  [ 34  (-15,-6,-4,5) ; (-10,6,4,-5)  46 ]  | det=1? true
[775] 46 46 -30 -2 -4 5  |  [ 46  (-30,-2,-4,5) ; (-25,2,4,-5)  46 ]  | det=1? true
[776] 24 47 -10 -5 -5 -2  |  [ 24  (-10,-5,-5,-2) ; (-12,5,5,2)  47 ]  | det=1? true
[777] 24 47 -12 -5 -5 2  |  [ 24  (-12,-5,-5,2) ; (-10,5,5,-2)  47 ]  | det=1? true
[778] 42 47 -16 -8 -2 7  |  [ 42  (-16,-8,-2,7) ; (-9,8,2,-7)  47 ]  | det=1? true
[779] 47 47 -19 -5 -7 -2  |  [ 47  (-19,-5,-7,-2) ; (-21,5,7,2)  47 ]  | det=1? true
[780] 47 47 -21 -5 -7 2  |  [ 47  (-21,-5,-7,2) ; (-19,5,7,-2)  47 ]  | det=1? true
[781] 47 47 -16 2 -7 -3  |  [ 47  (-16,2,-7,-3) ; (-19,-2,7,3)  47 ]  | det=1? true
[782] 47 47 -8 -7 -6 -5  |  [ 47  (-8,-7,-6,-5) ; (-13,7,6,5)  47 ]  | det=1? true
[783] 47 47 -13 -7 -6 5  |  [ 47  (-13,-7,-6,5) ; (-8,7,6,-5)  47 ]  | det=1? true
[784] 13 48 -4 -5 -1 -4  |  [ 13  (-4,-5,-1,-4) ; (-8,5,1,4)  48 ]  | det=1? true
[785] 13 48 -8 -5 -1 4  |  [ 13  (-8,-5,-1,4) ; (-4,5,1,-4)  48 ]  | det=1? true
[786] 29 48 -8 3 -6 -2  |  [ 29  (-8,3,-6,-2) ; (-10,-3,6,2)  48 ]  | det=1? true
[787] 29 48 -10 3 -6 2  |  [ 29  (-10,3,-6,2) ; (-8,-3,6,-2)  48 ]  | det=1? true
[788] 32 48 -11 -6 -6 -2  |  [ 32  (-11,-6,-6,-2) ; (-13,6,6,2)  48 ]  | det=1? true
[789] 32 48 -9 -8 -2 -6  |  [ 32  (-9,-8,-2,-6) ; (-15,8,2,6)  48 ]  | det=1? true
[790] 35 48 -14 -9 -6 -2  |  [ 35  (-14,-9,-6,-2) ; (-16,9,6,2)  48 ]  | det=1? true
[791] 43 48 -16 -3 -6 -4  |  [ 43  (-16,-3,-6,-4) ; (-20,3,6,4)  48 ]  | det=1? true
[792] 43 48 -20 -3 -6 4  |  [ 43  (-20,-3,-6,4) ; (-16,3,6,-4)  48 ]  | det=1? true
[793] 13 45 -7 -1 -1 4  |  [ 13  (-7,-1,-1,4) ; (-3,1,1,-4)  45 ]  | det=1? true
[794] 34 45 -10 -4 -5 -4  |  [ 34  (-10,-4,-5,-4) ; (-14,4,5,4)  45 ]  | det=1? true
[795] 34 45 -14 -4 -5 4  |  [ 34  (-14,-4,-5,4) ; (-10,4,5,-4)  45 ]  | det=1? true
[796] 35 45 -7 1 -3 -6  |  [ 35  (-7,1,-3,-6) ; (-13,-1,3,6)  45 ]  | det=1? true
[797] 36 45 -14 -9 -5 4  |  [ 36  (-14,-9,-5,4) ; (-10,9,5,-4)  45 ]  | det=1? true
[798] 37 45 -1 -2 -1 -7  |  [ 37  (-1,-2,-1,-7) ; (-8,2,1,7)  45 ]  | det=1? true
[799] 37 45 -8 -2 -1 7  |  [ 37  (-8,-2,-1,7) ; (-1,2,1,-7)  45 ]  | det=1? true
[800] 37 46 -16 -2 -4 -5  |  [ 37  (-16,-2,-4,-5) ; (-21,2,4,5)  46 ]  | det=1? true
[801] 40 46 -14 -13 -5 -4  |  [ 40  (-14,-13,-5,-4) ; (-18,13,5,4)  46 ]  | det=1? true
[802] 40 46 -18 -13 -5 4  |  [ 40  (-18,-13,-5,4) ; (-14,13,5,-4)  46 ]  | det=1? true
[803] 32 47 -9 -6 -2 -6  |  [ 32  (-9,-6,-2,-6) ; (-15,6,2,6)  47 ]  | det=1? true
[804] 35 47 -11 -9 -5 -4  |  [ 35  (-11,-9,-5,-4) ; (-15,9,5,4)  47 ]  | det=1? true
[805] 38 47 -6 3 -7 -2  |  [ 38  (-6,3,-7,-2) ; (-8,-3,7,2)  47 ]  | det=1? true
[806] 13 48 -6 -1 -1 -4  |  [ 13  (-6,-1,-1,-4) ; (-10,1,1,4)  48 ]  | det=1? true
[807] 19 48 -6 -4 -4 -3  |  [ 19  (-6,-4,-4,-3) ; (-9,4,4,3)  48 ]  | det=1? true
[808] 19 48 -9 -4 -4 3  |  [ 19  (-9,-4,-4,3) ; (-6,4,4,-3)  48 ]  | det=1? true
[809] 42 48 -12 -7 -7 -2  |  [ 42  (-12,-7,-7,-2) ; (-14,7,7,2)  48 ]  | det=1? true
[810] 46 48 -20 -17 -5 -4  |  [ 46  (-20,-17,-5,-4) ; (-24,17,5,4)  48 ]  | det=1? true
[811] 46 48 -24 -17 -5 4  |  [ 46  (-24,-17,-5,4) ; (-20,17,5,-4)  48 ]  | det=1? true
[812] 30 45 0 1 -5 -4  |  [ 30  (0,1,-5,-4) ; (-4,-1,5,4)  45 ]  | det=1? true
[813] 40 47 -16 -17 -1 -6  |  [ 40  (-16,-17,-1,-6) ; (-22,17,1,6)  47 ]  | det=1? true
[814] 44 47 -20 -13 -5 -4  |  [ 44  (-20,-13,-5,-4) ; (-24,13,5,4)  47 ]  | det=1? true
[815] 44 47 -24 -13 -5 4  |  [ 44  (-24,-13,-5,4) ; (-20,13,5,-4)  47 ]  | det=1? true
[816] 44 47 -16 -3 -7 -2  |  [ 44  (-16,-3,-7,-2) ; (-18,3,7,2)  47 ]  | det=1? true
[817] 44 47 -4 -2 -5 -6  |  [ 44  (-4,-2,-5,-6) ; (-10,2,5,6)  47 ]  | det=1? true
[818] 44 47 -10 -2 -5 6  |  [ 44  (-10,-2,-5,6) ; (-4,2,5,-6)  47 ]  | det=1? true
[819] 47 47 -16 -10 -4 -6  |  [ 47  (-16,-10,-4,-6) ; (-22,10,4,6)  47 ]  | det=1? true
[820] 35 48 -16 -9 -6 2  |  [ 35  (-16,-9,-6,2) ; (-14,9,6,-2)  48 ]  | det=1? true
[821] 46 48 -18 -7 -7 -2  |  [ 46  (-18,-7,-7,-2) ; (-20,7,7,2)  48 ]  | det=1? true
[822] 46 48 -20 -7 -7 2  |  [ 46  (-20,-7,-7,2) ; (-18,7,7,-2)  48 ]  | det=1? true
[823] 21 45 -6 -4 -1 -5  |  [ 21  (-6,-4,-1,-5) ; (-11,4,1,5)  45 ]  | det=1? true
[824] 21 45 -11 -4 -1 5  |  [ 21  (-11,-4,-1,5) ; (-6,4,1,-5)  45 ]  | det=1? true
[825] 37 45 -4 1 -7 -1  |  [ 37  (-4,1,-7,-1) ; (-5,-1,7,1)  45 ]  | det=1? true
[826] 37 45 -5 1 -7 1  |  [ 37  (-5,1,-7,1) ; (-4,-1,7,-1)  45 ]  | det=1? true
[827] 45 45 -20 -3 -2 7  |  [ 45  (-20,-3,-2,7) ; (-13,3,2,-7)  45 ]  | det=1? true
[828] 33 46 -10 -3 -5 -4  |  [ 33  (-10,-3,-5,-4) ; (-14,3,5,4)  46 ]  | det=1? true
[829] 42 47 -14 0 -7 -2  |  [ 42  (-14,0,-7,-2) ; (-16,0,7,2)  47 ]  | det=1? true
[830] 33 45 -9 -2 -5 -4  |  [ 33  (-9,-2,-5,-4) ; (-13,2,5,4)  45 ]  | det=1? true
[831] 36 45 -14 -2 -5 -4  |  [ 36  (-14,-2,-5,-4) ; (-18,2,5,4)  45 ]  | det=1? true
[832] 21 47 -2 -3 -2 -5  |  [ 21  (-2,-3,-2,-5) ; (-7,3,2,5)  47 ]  | det=1? true
[833] 31 47 -13 -9 -5 -3  |  [ 31  (-13,-9,-5,-3) ; (-16,9,5,3)  47 ]  | det=1? true
[834] 31 47 -16 -9 -5 3  |  [ 31  (-16,-9,-5,3) ; (-13,9,5,-3)  47 ]  | det=1? true
[835] 47 47 -18 -6 -4 -6  |  [ 47  (-18,-6,-4,-6) ; (-24,6,4,6)  47 ]  | det=1? true
[836] 29 45 -12 -11 -2 -5  |  [ 29  (-12,-11,-2,-5) ; (-17,11,2,5)  45 ]  | det=1? true
[837] 25 49 -3 3 -6 -1  |  [ 25  (-3,3,-6,-1) ; (-4,-3,6,1)  49 ]  | det=1? true
[838] 25 49 -4 3 -6 1  |  [ 25  (-4,3,-6,1) ; (-3,-3,6,-1)  49 ]  | det=1? true
[839] 28 52 -8 -5 -6 -2  |  [ 28  (-8,-5,-6,-2) ; (-10,5,6,2)  52 ]  | det=1? true
[840] 39 49 -7 -7 -2 -7  |  [ 39  (-7,-7,-2,-7) ; (-14,7,2,7)  49 ]  | det=1? true
[841] 44 49 -21 -16 -6 -2  |  [ 44  (-21,-16,-6,-2) ; (-23,16,6,2)  49 ]  | det=1? true
[842] 38 50 -12 3 -6 -4  |  [ 38  (-12,3,-6,-4) ; (-16,-3,6,4)  50 ]  | det=1? true
[843] 38 50 -11 2 -4 -6  |  [ 38  (-11,2,-4,-6) ; (-17,-2,4,6)  50 ]  | det=1? true
[844] 43 50 -5 4 -8 1  |  [ 43  (-5,4,-8,1) ; (-4,-4,8,-1)  50 ]  | det=1? true
[845] 47 50 -12 -4 -8 -1  |  [ 47  (-12,-4,-8,-1) ; (-13,4,8,1)  50 ]  | det=1? true
[846] 47 50 -13 -4 -8 1  |  [ 47  (-13,-4,-8,1) ; (-12,4,8,-1)  50 ]  | det=1? true
[847] 49 50 -5 0 -8 -3  |  [ 49  (-5,0,-8,-3) ; (-8,0,8,3)  50 ]  | det=1? true
[848] 49 50 -8 0 -8 3  |  [ 49  (-8,0,-8,3) ; (-5,0,8,-3)  50 ]  | det=1? true
[849] 46 51 -20 -17 -3 -6  |  [ 46  (-20,-17,-3,-6) ; (-26,17,3,6)  51 ]  | det=1? true
[850] 46 51 -26 -17 -3 6  |  [ 46  (-26,-17,-3,6) ; (-20,17,3,-6)  51 ]  | det=1? true
[851] 51 51 -17 -5 -1 -8  |  [ 51  (-17,-5,-1,-8) ; (-25,5,1,8)  51 ]  | det=1? true
[852] 51 51 -25 -5 -1 8  |  [ 51  (-25,-5,-1,8) ; (-17,5,1,-8)  51 ]  | det=1? true
[853] 28 49 -10 -4 -6 -1  |  [ 28  (-10,-4,-6,-1) ; (-11,4,6,1)  49 ]  | det=1? true
[854] 28 49 -11 -4 -6 1  |  [ 28  (-11,-4,-6,1) ; (-10,4,6,-1)  49 ]  | det=1? true
[855] 31 49 -11 -5 -6 -2  |  [ 31  (-11,-5,-6,-2) ; (-13,5,6,2)  49 ]  | det=1? true
[856] 33 49 -12 -8 -2 -6  |  [ 33  (-12,-8,-2,-6) ; (-18,8,2,6)  49 ]  | det=1? true
[857] 33 49 -18 -8 -2 6  |  [ 33  (-18,-8,-2,6) ; (-12,8,2,-6)  49 ]  | det=1? true
[858] 29 50 -6 -4 -5 -4  |  [ 29  (-6,-4,-5,-4) ; (-10,4,5,4)  50 ]  | det=1? true
[859] 29 50 -10 -4 -5 4  |  [ 29  (-10,-4,-5,4) ; (-6,4,5,-4)  50 ]  | det=1? true
[860] 34 50 -14 -9 -2 -6  |  [ 34  (-14,-9,-2,-6) ; (-20,9,2,6)  50 ]  | det=1? true
[861] 34 50 -20 -9 -2 6  |  [ 34  (-20,-9,-2,6) ; (-14,9,2,-6)  50 ]  | det=1? true
[862] 36 51 -14 -7 -3 -6  |  [ 36  (-14,-7,-3,-6) ; (-20,7,3,6)  51 ]  | det=1? true
[863] 41 51 -5 -3 -6 -5  |  [ 41  (-5,-3,-6,-5) ; (-10,3,6,5)  51 ]  | det=1? true
[864] 41 51 -10 -3 -6 5  |  [ 41  (-10,-3,-6,5) ; (-5,3,6,-5)  51 ]  | det=1? true
[865] 48 51 -2 -3 -3 -8  |  [ 48  (-2,-3,-3,-8) ; (-10,3,3,8)  51 ]  | det=1? true
[866] 50 51 -16 -4 -1 -8  |  [ 50  (-16,-4,-1,-8) ; (-24,4,1,8)  51 ]  | det=1? true
[867] 50 51 -24 -4 -1 8  |  [ 50  (-24,-4,-1,8) ; (-16,4,1,-8)  51 ]  | det=1? true
[868] 28 52 -6 -7 -2 -6  |  [ 28  (-6,-7,-2,-6) ; (-12,7,2,6)  52 ]  | det=1? true
[869] 36 52 -14 -14 -4 -5  |  [ 36  (-14,-14,-4,-5) ; (-19,14,4,5)  52 ]  | det=1? true
[870] 36 52 -19 -14 -4 5  |  [ 36  (-19,-14,-4,5) ; (-14,14,4,-5)  52 ]  | det=1? true
[871] 43 52 -10 -6 -6 -5  |  [ 43  (-10,-6,-6,-5) ; (-15,6,6,5)  52 ]  | det=1? true
[872] 43 52 -15 -6 -6 5  |  [ 43  (-15,-6,-6,5) ; (-10,6,6,-5)  52 ]  | det=1? true
[873] 52 52 -12 -6 -3 -8  |  [ 52  (-12,-6,-3,-8) ; (-20,6,3,8)  52 ]  | det=1? true
[874] 52 52 -20 -6 -3 8  |  [ 52  (-20,-6,-3,8) ; (-12,6,3,-8)  52 ]  | det=1? true
[875] 17 49 -2 1 -4 -3  |  [ 17  (-2,1,-4,-3) ; (-5,-1,4,3)  49 ]  | det=1? true
[876] 36 49 -14 1 -3 -6  |  [ 36  (-14,1,-3,-6) ; (-20,-1,3,6)  49 ]  | det=1? true
[877] 46 49 -12 -3 -5 -6  |  [ 46  (-12,-3,-5,-6) ; (-18,3,5,6)  49 ]  | det=1? true
[878] 46 49 -18 -3 -5 6  |  [ 46  (-18,-3,-5,6) ; (-12,3,5,-6)  49 ]  | det=1? true
[879] 44 50 -4 -2 -1 -8  |  [ 44  (-4,-2,-1,-8) ; (-12,2,1,8)  50 ]  | det=1? true
[880] 44 50 -12 -2 -1 8  |  [ 44  (-12,-2,-1,8) ; (-4,2,1,-8)  50 ]  | det=1? true
[881] 50 50 -7 -2 -8 -3  |  [ 50  (-7,-2,-8,-3) ; (-10,2,8,3)  50 ]  | det=1? true
[882] 50 50 -10 -2 -8 3  |  [ 50  (-10,-2,-8,3) ; (-7,2,8,-3)  50 ]  | det=1? true
[883] 19 51 -3 1 -5 -2  |  [ 19  (-3,1,-5,-2) ; (-5,-1,5,2)  51 ]  | det=1? true
[884] 20 51 -6 -2 -5 -2  |  [ 20  (-6,-2,-5,-2) ; (-8,2,5,2)  51 ]  | det=1? true
[885] 43 51 -15 -1 -7 -3  |  [ 43  (-15,-1,-7,-3) ; (-18,1,7,3)  51 ]  | det=1? true
[886] 48 51 -10 -3 -3 8  |  [ 48  (-10,-3,-3,8) ; (-2,3,3,-8)  51 ]  | det=1? true
[887] 51 51 -21 -16 -7 -2  |  [ 51  (-21,-16,-7,-2) ; (-23,16,7,2)  51 ]  | det=1? true
[888] 43 52 -16 -11 -7 -2  |  [ 43  (-16,-11,-7,-2) ; (-18,11,7,2)  52 ]  | det=1? true
[889] 30 50 -2 1 -3 -6  |  [ 30  (-2,1,-3,-6) ; (-8,-1,3,6)  50 ]  | det=1? true
[890] 39 50 -8 -8 -2 -7  |  [ 39  (-8,-8,-2,-7) ; (-15,8,2,7)  50 ]  | det=1? true
[891] 39 50 -15 -8 -2 7  |  [ 39  (-15,-8,-2,7) ; (-8,8,2,-7)  50 ]  | det=1? true
[892] 40 50 -17 -8 -2 7  |  [ 40  (-17,-8,-2,7) ; (-10,8,2,-7)  50 ]  | det=1? true
[893] 46 50 -14 -1 -5 -6  |  [ 46  (-14,-1,-5,-6) ; (-20,1,5,6)  50 ]  | det=1? true
[894] 46 50 -20 -1 -5 6  |  [ 46  (-20,-1,-5,6) ; (-14,1,5,-6)  50 ]  | det=1? true
[895] 20 51 -8 -2 -5 2  |  [ 20  (-8,-2,-5,2) ; (-6,2,5,-2)  51 ]  | det=1? true
[896] 44 52 -13 -4 -6 -5  |  [ 44  (-13,-4,-6,-5) ; (-18,4,6,5)  52 ]  | det=1? true
[897] 51 52 -17 -6 -8 -2  |  [ 51  (-17,-6,-8,-2) ; (-19,6,8,2)  52 ]  | det=1? true
[898] 31 49 -17 -10 -1 6  |  [ 31  (-17,-10,-1,6) ; (-11,10,1,-6)  49 ]  | det=1? true
[899] 30 51 -4 -1 -3 -6  |  [ 30  (-4,-1,-3,-6) ; (-10,1,3,6)  51 ]  | det=1? true
[900] 37 49 -7 -1 -4 -6  |  [ 37  (-7,-1,-4,-6) ; (-13,1,4,6)  49 ]  | det=1? true
[901] 40 50 -10 -8 -2 -7  |  [ 40  (-10,-8,-2,-7) ; (-17,8,2,7)  50 ]  | det=1? true
[902] 41 51 -11 -11 -2 -7  |  [ 41  (-11,-11,-2,-7) ; (-18,11,2,7)  51 ]  | det=1? true
[903] 37 49 -13 -1 -4 6  |  [ 37  (-13,-1,-4,6) ; (-7,1,4,-6)  49 ]  | det=1? true
[904] 40 51 -10 -10 -2 -7  |  [ 40  (-10,-10,-2,-7) ; (-17,10,2,7)  51 ]  | det=1? true
[905] 31 52 -12 -6 -5 -4  |  [ 31  (-12,-6,-5,-4) ; (-16,6,5,4)  52 ]  | det=1? true
[906] 31 52 -16 -6 -5 4  |  [ 31  (-16,-6,-5,4) ; (-12,6,5,-4)  52 ]  | det=1? true
[907] 30 51 -10 -4 -5 -4  |  [ 30  (-10,-4,-5,-4) ; (-14,4,5,4)  51 ]  | det=1? true
[908] 30 51 -4 -2 -6 -3  |  [ 30  (-4,-2,-6,-3) ; (-7,2,6,3)  51 ]  | det=1? true
[909] 52 52 -23 -16 -4 -6  |  [ 52  (-23,-16,-4,-6) ; (-29,16,4,6)  52 ]  | det=1? true
[910] 53 53 0 -1 -2 -9  |  [ 53  (0,-1,-2,-9) ; (-9,1,2,9)  53 ]  | det=1? true
[911] 53 53 -16 -3 -7 -5  |  [ 53  (-16,-3,-7,-5) ; (-21,3,7,5)  53 ]  | det=1? true
[912] 44 54 -10 -6 -4 -7  |  [ 44  (-10,-6,-4,-7) ; (-17,6,4,7)  54 ]  | det=1? true
[913] 28 55 -6 0 -6 -3  |  [ 28  (-6,0,-6,-3) ; (-9,0,6,3)  55 ]  | det=1? true
[914] 39 53 -16 -9 -7 -1  |  [ 39  (-16,-9,-7,-1) ; (-17,9,7,1)  53 ]  | det=1? true
[915] 39 53 -17 -9 -7 1  |  [ 39  (-17,-9,-7,1) ; (-16,9,7,-1)  53 ]  | det=1? true
[916] 45 54 -2 0 -3 -8  |  [ 45  (-2,0,-3,-8) ; (-10,0,3,8)  54 ]  | det=1? true
[917] 45 54 -10 0 -3 8  |  [ 45  (-10,0,-3,8) ; (-2,0,3,-8)  54 ]  | det=1? true
[918] 31 55 -14 -10 -6 -2  |  [ 31  (-14,-10,-6,-2) ; (-16,10,6,2)  55 ]  | det=1? true
[919] 31 55 -16 -10 -6 2  |  [ 31  (-16,-10,-6,2) ; (-14,10,6,-2)  55 ]  | det=1? true
[920] 33 55 -12 -1 -7 -1  |  [ 33  (-12,-1,-7,-1) ; (-13,1,7,1)  55 ]  | det=1? true
[921] 33 55 -13 -1 -7 1  |  [ 33  (-13,-1,-7,1) ; (-12,1,7,-1)  55 ]  | det=1? true
[922] 38 55 -17 -2 -6 -4  |  [ 38  (-17,-2,-6,-4) ; (-21,2,6,4)  55 ]  | det=1? true
[923] 38 55 -21 -2 -6 4  |  [ 38  (-21,-2,-6,4) ; (-17,2,6,-4)  55 ]  | det=1? true
[924] 44 55 0 -2 -3 -8  |  [ 44  (0,-2,-3,-8) ; (-8,2,3,8)  55 ]  | det=1? true
[925] 44 55 -8 -2 -3 8  |  [ 44  (-8,-2,-3,8) ; (0,2,3,-8)  55 ]  | det=1? true
[926] 47 56 -19 2 -8 -2  |  [ 47  (-19,2,-8,-2) ; (-21,-2,8,2)  56 ]  | det=1? true
[927] 52 56 -26 -16 -6 5  |  [ 52  (-26,-16,-6,5) ; (-21,16,6,-5)  56 ]  | det=1? true
[928] 52 56 -19 -6 -8 -3  |  [ 52  (-19,-6,-8,-3) ; (-22,6,8,3)  56 ]  | det=1? true
[929] 25 53 -13 -3 -1 6  |  [ 25  (-13,-3,-1,6) ; (-7,3,1,-6)  53 ]  | det=1? true
[930] 41 54 -4 -4 -1 -8  |  [ 41  (-4,-4,-1,-8) ; (-12,4,1,8)  54 ]  | det=1? true
[931] 41 54 -12 -4 -1 8  |  [ 41  (-12,-4,-1,8) ; (-4,4,1,-8)  54 ]  | det=1? true
[932] 45 55 -19 -4 -7 4  |  [ 45  (-19,-4,-7,4) ; (-15,4,7,-4)  55 ]  | det=1? true
[933] 49 55 -2 3 -9 -1  |  [ 49  (-2,3,-9,-1) ; (-3,-3,9,1)  55 ]  | det=1? true
[934] 49 55 -3 3 -9 1  |  [ 49  (-3,3,-9,1) ; (-2,-3,9,-1)  55 ]  | det=1? true
[935] 44 56 -13 -12 -6 -5  |  [ 44  (-13,-12,-6,-5) ; (-18,12,6,5)  56 ]  | det=1? true
[936] 52 56 -21 -16 -6 -5  |  [ 52  (-21,-16,-6,-5) ; (-26,16,6,5)  56 ]  | det=1? true
[937] 25 53 -7 -3 -1 -6  |  [ 25  (-7,-3,-1,-6) ; (-13,3,1,6)  53 ]  | det=1? true
[938] 38 53 -9 -10 -2 -7  |  [ 38  (-9,-10,-2,-7) ; (-16,10,2,7)  53 ]  | det=1? true
[939] 28 54 -9 -4 -4 -5  |  [ 28  (-9,-4,-4,-5) ; (-14,4,4,5)  54 ]  | det=1? true
[940] 28 54 -14 -4 -4 5  |  [ 28  (-14,-4,-4,5) ; (-9,4,4,-5)  54 ]  | det=1? true
[941] 44 54 -17 -6 -4 7  |  [ 44  (-17,-6,-4,7) ; (-10,6,4,-7)  54 ]  | det=1? true
[942] 25 55 -3 1 -4 -5  |  [ 25  (-3,1,-4,-5) ; (-8,-1,4,5)  55 ]  | det=1? true
[943] 25 55 -8 1 -4 5  |  [ 25  (-8,1,-4,5) ; (-3,-1,4,-5)  55 ]  | det=1? true
[944] 33 55 -3 -5 -2 -7  |  [ 33  (-3,-5,-2,-7) ; (-10,5,2,7)  55 ]  | det=1? true
[945] 47 55 -17 -15 -7 -3  |  [ 47  (-17,-15,-7,-3) ; (-20,15,7,3)  55 ]  | det=1? true
[946] 52 56 -22 -6 -8 3  |  [ 52  (-22,-6,-8,3) ; (-19,6,8,-3)  56 ]  | det=1? true
[947] 41 53 -10 -8 -3 -7  |  [ 41  (-10,-8,-3,-7) ; (-17,8,3,7)  53 ]  | det=1? true
[948] 53 53 -21 -21 -4 -6  |  [ 53  (-21,-21,-4,-6) ; (-27,21,4,6)  53 ]  | det=1? true
[949] 36 54 -10 -4 -2 -7  |  [ 36  (-10,-4,-2,-7) ; (-17,4,2,7)  54 ]  | det=1? true
[950] 50 55 -19 -14 -6 -5  |  [ 50  (-19,-14,-6,-5) ; (-24,14,6,5)  55 ]  | det=1? true
[951] 30 53 -8 -2 -6 -3  |  [ 30  (-8,-2,-6,-3) ; (-11,2,6,3)  53 ]  | det=1? true
[952] 53 53 -22 -20 -6 -4  |  [ 53  (-22,-20,-6,-4) ; (-26,20,6,4)  53 ]  | det=1? true
[953] 24 58 -8 3 -6 -2  |  [ 24  (-8,3,-6,-2) ; (-10,-3,6,2)  58 ]  | det=1? true
[954] 26 59 -8 -7 -5 -4  |  [ 26  (-8,-7,-5,-4) ; (-12,7,5,4)  59 ]  | det=1? true
[955] 26 59 -12 -7 -5 4  |  [ 26  (-12,-7,-5,4) ; (-8,7,5,-4)  59 ]  | det=1? true
[956] 37 57 -8 3 -6 -5  |  [ 37  (-8,3,-6,-5) ; (-13,-3,6,5)  57 ]  | det=1? true
[957] 37 57 -13 3 -6 5  |  [ 37  (-13,3,-6,5) ; (-8,-3,6,-5)  57 ]  | det=1? true
[958] 29 59 -6 -2 -7 -1  |  [ 29  (-6,-2,-7,-1) ; (-7,2,7,1)  59 ]  | det=1? true
[959] 47 59 -16 -12 -8 -2  |  [ 47  (-16,-12,-8,-2) ; (-18,12,8,2)  59 ]  | det=1? true
[960] 47 59 -18 -12 -8 2  |  [ 47  (-18,-12,-8,2) ; (-16,12,8,-2)  59 ]  | det=1? true
[961] 52 60 -12 -7 -7 -6  |  [ 52  (-12,-7,-7,-6) ; (-18,7,7,6)  60 ]  | det=1? true
[962] 52 60 -18 -7 -7 6  |  [ 52  (-18,-7,-7,6) ; (-12,7,7,-6)  60 ]  | det=1? true
[963] 39 58 -11 -6 -6 -5  |  [ 39  (-11,-6,-6,-5) ; (-16,6,6,5)  58 ]  | det=1? true
[964] 55 58 1 2 -4 -9  |  [ 55  (1,2,-4,-9) ; (-8,-2,4,9)  58 ]  | det=1? true
[965] 41 59 -1 0 -3 -8  |  [ 41  (-1,0,-3,-8) ; (-9,0,3,8)  59 ]  | det=1? true
[966] 16 60 -2 2 -5 -2  |  [ 16  (-2,2,-5,-2) ; (-4,-2,5,2)  60 ]  | det=1? true
[967] 38 58 -10 -4 -6 -5  |  [ 38  (-10,-4,-6,-5) ; (-15,4,6,5)  58 ]  | det=1? true
[968] 45 58 -19 -6 -8 -1  |  [ 45  (-19,-6,-8,-1) ; (-20,6,8,1)  58 ]  | det=1? true
[969] 39 63 -3 2 -7 -5  |  [ 39  (-3,2,-7,-5) ; (-8,-2,7,5)  63 ]  | det=1? true
[970] 43 61 -11 -1 -3 -8  |  [ 43  (-11,-1,-3,-8) ; (-19,1,3,8)  61 ]  | det=1? true
[971] 43 61 -19 -1 -3 8  |  [ 43  (-19,-1,-3,8) ; (-11,1,3,-8)  61 ]  | det=1? true
[972] 56 61 -2 5 -10 -2  |  [ 56  (-2,5,-10,-2) ; (-4,-5,10,2)  61 ]  | det=1? true
[973] 56 61 -4 5 -10 2  |  [ 56  (-4,5,-10,2) ; (-2,-5,10,-2)  61 ]  | det=1? true
[974] 44 62 -18 -12 -8 -1  |  [ 44  (-18,-12,-8,-1) ; (-19,12,8,1)  62 ]  | det=1? true
[975] 44 62 -19 -12 -8 1  |  [ 44  (-19,-12,-8,1) ; (-18,12,8,-1)  62 ]  | det=1? true
[976] 59 64 -24 -23 -3 -8  |  [ 59  (-24,-23,-3,-8) ; (-32,23,3,8)  64 ]  | det=1? true
[977] 52 62 -14 -2 -8 -5  |  [ 52  (-14,-2,-8,-5) ; (-19,2,8,5)  62 ]  | det=1? true
[978] 52 62 -19 -2 -8 5  |  [ 52  (-19,-2,-8,5) ; (-14,2,8,-5)  62 ]  | det=1? true
[979] 59 64 -22 -16 -2 -9  |  [ 59  (-22,-16,-2,-9) ; (-31,16,2,9)  64 ]  | det=1? true
[980] 59 64 -31 -16 -2 9  |  [ 59  (-31,-16,-2,9) ; (-22,16,2,-9)  64 ]  | det=1? true
[981] 21 61 -8 -6 -3 -5  |  [ 21  (-8,-6,-3,-5) ; (-13,6,3,5)  61 ]  | det=1? true
[982] 55 64 -20 -22 -3 -8  |  [ 55  (-20,-22,-3,-8) ; (-28,22,3,8)  64 ]  | det=1? true
[983] 65 65 -14 -8 -10 -4  |  [ 65  (-14,-8,-10,-4) ; (-18,8,10,4)  65 ]  | det=1? true
[984] 65 65 -11 -11 -4 -10  |  [ 65  (-11,-11,-4,-10) ; (-21,11,4,10)  65 ]  | det=1? true
[985] 67 67 -30 -6 -10 -2  |  [ 67  (-30,-6,-10,-2) ; (-32,6,10,2)  67 ]  | det=1? true
[986] 63 66 -21 -4 -10 -3  |  [ 63  (-21,-4,-10,-3) ; (-24,4,10,3)  66 ]  | det=1? true
[987] 65 65 -26 -4 -6 -8  |  [ 65  (-26,-4,-6,-8) ; (-34,4,6,8)  65 ]  | det=1? true
[988] 67 67 -18 -12 -10 -4  |  [ 67  (-18,-12,-10,-4) ; (-22,12,10,4)  67 ]  | det=1? true
[989] 20 66 -2 3 -6 -2  |  [ 20  (-2,3,-6,-2) ; (-4,-3,6,2)  66 ]  | det=1? true
[990] 68 68 -30 -21 -5 -8  |  [ 68  (-30,-21,-5,-8) ; (-38,21,5,8)  68 ]  | det=1? true
[991] 65 65 0 0 -8 -8  |  [ 65  (0,0,-8,-8) ; (-8,0,8,8)  65 ]  | det=1? true
[992] 10 66 0 1 -2 -4  |  [ 10  (0,1,-2,-4) ; (-4,-1,2,4)  66 ]  | det=1? true
[993] 20 66 0 1 -2 -6  |  [ 20  (0,1,-2,-6) ; (-6,-1,2,6)  66 ]  | det=1? true
[994] 20 66 -6 1 -2 6  |  [ 20  (-6,1,-2,6) ; (0,-1,2,-6)  66 ]  | det=1? true
[995] 34 66 0 1 -2 -8  |  [ 34  (0,1,-2,-8) ; (-8,-1,2,8)  66 ]  | det=1? true
[996] 52 66 0 1 -2 -10  |  [ 52  (0,1,-2,-10) ; (-10,-1,2,10)  66 ]  | det=1? true
[997] 67 67 0 0 -6 -10  |  [ 67  (0,0,-6,-10) ; (-10,0,6,10)  67 ]  | det=1? true
[998] 62 71 -12 0 -2 -11  |  [ 62  (-12,0,-2,-11) ; (-23,0,2,11)  71 ]  | det=1? true
[999] 62 72 -14 -14 -6 -9  |  [ 62  (-14,-14,-6,-9) ; (-23,14,6,9)  72 ]  | det=1? true
[1000] 71 71 -23 -8 -11 -3  |  [ 71  (-23,-8,-11,-3) ; (-26,8,11,3)  71 ]  | det=1? true
[1001] 29 70 -3 2 -6 -5  |  [ 29  (-3,2,-6,-5) ; (-8,-2,6,5)  70 ]  | det=1? true
[1002] 10 69 -3 -2 -2 -4  |  [ 10  (-3,-2,-2,-4) ; (-7,2,2,4)  69 ]  | det=1? true
[1003] 20 71 -7 -2 -2 -6  |  [ 20  (-7,-2,-2,-6) ; (-13,2,2,6)  71 ]  | det=1? true
[1004] 65 75 -31 -25 -9 -3  |  [ 65  (-31,-25,-9,-3) ; (-34,25,9,3)  75 ]  | det=1? true
[1005] 73 73 -10 -14 -2 -12  |  [ 73  (-10,-14,-2,-12) ; (-22,14,2,12)  73 ]  | det=1? true
[1006] 52 74 -20 5 -10 -2  |  [ 52  (-20,5,-10,-2) ; (-22,-5,10,2)  74 ]  | det=1? true
[1007] 41 83 -15 -9 -9 -3  |  [ 41  (-15,-9,-9,-3) ; (-18,9,9,3)  83 ]  | det=1? true
[1008] 85 85 -36 -30 -6 -10  |  [ 85  (-36,-30,-6,-10) ; (-46,30,6,10)  85 ]  | det=1? true
