p = 83
order basis: [1, i, (i+j)/2, (1+ij)/2]
classes = 296, targetH = 296, reps_seen = 72103
used: Amax=68, Astart=1, Astep=dynamic, depth=0, bacher_depth=0, rep_order=small_bound, LLL_reduced_packets=true
timing(s): total=9324.01 enum=1276.23 packets=1.32 reduce=21.05 merge=8020.13 setup=6504.47 iso=105.53
checks: checked=9429856 merged=71807 slow_count=467 candidates=72103
bounds: old_min=42 old_median=2394 old_max=2856 new_min=10 new_median=14 new_max=42
# Each line: u v w x y z  |  [ u (w,x,y,z) ; conj(a) v ]  | det=1?
[1] 1 1 0 0 0 0  |  [ 1  (0,0,0,0) ; (0,0,0,0)  1 ]  | det=1? true
[2] 5 5 -1 -1 0 -1  |  [ 5  (-1,-1,0,-1) ; (-2,1,0,1)  5 ]  | det=1? true
[3] 4 6 -1 0 0 -1  |  [ 4  (-1,0,0,-1) ; (-2,0,0,1)  6 ]  | det=1? true
[4] 4 7 -2 -1 -1 0  |  [ 4  (-2,-1,-1,0) ; (-2,1,1,0)  7 ]  | det=1? true
[5] 7 7 -2 0 -1 -1  |  [ 7  (-2,0,-1,-1) ; (-3,0,1,1)  7 ]  | det=1? true
[6] 7 7 -3 0 -1 1  |  [ 7  (-3,0,-1,1) ; (-2,0,1,-1)  7 ]  | det=1? true
[7] 3 8 -1 0 0 -1  |  [ 3  (-1,0,0,-1) ; (-2,0,0,1)  8 ]  | det=1? true
[8] 5 9 -1 0 -1 -1  |  [ 5  (-1,0,-1,-1) ; (-2,0,1,1)  9 ]  | det=1? true
[9] 5 9 -2 0 -1 1  |  [ 5  (-2,0,-1,1) ; (-1,0,1,-1)  9 ]  | det=1? true
[10] 10 10 -4 1 -2 0  |  [ 10  (-4,1,-2,0) ; (-4,-1,2,0)  10 ]  | det=1? true
[11] 10 10 -3 0 0 -2  |  [ 10  (-3,0,0,-2) ; (-5,0,0,2)  10 ]  | det=1? true
[12] 2 11 0 0 0 -1  |  [ 2  (0,0,0,-1) ; (-1,0,0,1)  11 ]  | det=1? true
[13] 5 11 -2 -2 -1 -1  |  [ 5  (-2,-2,-1,-1) ; (-3,2,1,1)  11 ]  | det=1? true
[14] 8 11 -2 1 -2 0  |  [ 8  (-2,1,-2,0) ; (-2,-1,2,0)  11 ]  | det=1? true
[15] 10 11 -4 -1 0 -2  |  [ 10  (-4,-1,0,-2) ; (-6,1,0,2)  11 ]  | det=1? true
[16] 11 11 -3 0 -1 -2  |  [ 11  (-3,0,-1,-2) ; (-5,0,1,2)  11 ]  | det=1? true
[17] 11 11 -5 0 -1 2  |  [ 11  (-5,0,-1,2) ; (-3,0,1,-2)  11 ]  | det=1? true
[18] 11 11 -3 -1 -2 -1  |  [ 11  (-3,-1,-2,-1) ; (-4,1,2,1)  11 ]  | det=1? true
[19] 11 11 -4 -1 -2 1  |  [ 11  (-4,-1,-2,1) ; (-3,1,2,-1)  11 ]  | det=1? true
[20] 7 12 0 1 -2 0  |  [ 7  (0,1,-2,0) ; (0,-1,2,0)  12 ]  | det=1? true
[21] 9 12 -1 0 -2 -1  |  [ 9  (-1,0,-2,-1) ; (-2,0,2,1)  12 ]  | det=1? true
[22] 9 12 -2 0 -2 1  |  [ 9  (-2,0,-2,1) ; (-1,0,2,-1)  12 ]  | det=1? true
[23] 10 12 -2 -2 -1 -2  |  [ 10  (-2,-2,-1,-2) ; (-4,2,1,2)  12 ]  | det=1? true
[24] 10 12 -4 -2 -1 2  |  [ 10  (-4,-2,-1,2) ; (-2,2,1,-2)  12 ]  | det=1? true
[25] 11 12 -4 -1 -1 -2  |  [ 11  (-4,-1,-1,-2) ; (-6,1,1,2)  12 ]  | det=1? true
[26] 12 12 -5 -2 -2 -1  |  [ 12  (-5,-2,-2,-1) ; (-6,2,2,1)  12 ]  | det=1? true
[27] 12 12 -6 -2 -2 1  |  [ 12  (-6,-2,-2,1) ; (-5,2,2,-1)  12 ]  | det=1? true
[28] 6 14 0 1 -2 0  |  [ 6  (0,1,-2,0) ; (0,-1,2,0)  14 ]  | det=1? true
[29] 8 13 -3 -2 0 -2  |  [ 8  (-3,-2,0,-2) ; (-5,2,0,2)  13 ]  | det=1? true
[30] 8 14 -2 0 -2 -1  |  [ 8  (-2,0,-2,-1) ; (-3,0,2,1)  14 ]  | det=1? true
[31] 9 13 -3 1 -2 -1  |  [ 9  (-3,1,-2,-1) ; (-4,-1,2,1)  13 ]  | det=1? true
[32] 9 13 -4 1 -2 1  |  [ 9  (-4,1,-2,1) ; (-3,-1,2,-1)  13 ]  | det=1? true
[33] 9 14 -4 0 -2 -1  |  [ 9  (-4,0,-2,-1) ; (-5,0,2,1)  14 ]  | det=1? true
[34] 9 14 -5 0 -2 1  |  [ 9  (-5,0,-2,1) ; (-4,0,2,-1)  14 ]  | det=1? true
[35] 9 14 -3 -2 -2 -1  |  [ 9  (-3,-2,-2,-1) ; (-4,2,2,1)  14 ]  | det=1? true
[36] 9 14 -4 -2 -2 1  |  [ 9  (-4,-2,-2,1) ; (-3,2,2,-1)  14 ]  | det=1? true
[37] 12 13 -6 -5 -2 0  |  [ 12  (-6,-5,-2,0) ; (-6,5,2,0)  13 ]  | det=1? true
[38] 12 14 0 1 -2 -2  |  [ 12  (0,1,-2,-2) ; (-2,-1,2,2)  14 ]  | det=1? true
[39] 14 14 -6 -6 -1 -2  |  [ 14  (-6,-6,-1,-2) ; (-8,6,1,2)  14 ]  | det=1? true
[40] 3 15 -1 0 -1 -1  |  [ 3  (-1,0,-1,-1) ; (-2,0,1,1)  15 ]  | det=1? true
[41] 3 15 -2 0 -1 1  |  [ 3  (-2,0,-1,1) ; (-1,0,1,-1)  15 ]  | det=1? true
[42] 7 15 0 1 -2 -1  |  [ 7  (0,1,-2,-1) ; (-1,-1,2,1)  15 ]  | det=1? true
[43] 7 15 -1 1 -2 1  |  [ 7  (-1,1,-2,1) ; (0,-1,2,-1)  15 ]  | det=1? true
[44] 7 16 -2 0 -2 -1  |  [ 7  (-2,0,-2,-1) ; (-3,0,2,1)  16 ]  | det=1? true
[45] 8 15 -2 -2 -1 -2  |  [ 8  (-2,-2,-1,-2) ; (-4,2,1,2)  15 ]  | det=1? true
[46] 8 15 -4 -2 -1 2  |  [ 8  (-4,-2,-1,2) ; (-2,2,1,-2)  15 ]  | det=1? true
[47] 10 15 -4 -4 -1 -2  |  [ 10  (-4,-4,-1,-2) ; (-6,4,1,2)  15 ]  | det=1? true
[48] 10 15 -6 -4 -1 2  |  [ 10  (-6,-4,-1,2) ; (-4,4,1,-2)  15 ]  | det=1? true
[49] 11 16 -2 1 -2 -2  |  [ 11  (-2,1,-2,-2) ; (-4,-1,2,2)  16 ]  | det=1? true
[50] 11 16 -4 1 -2 2  |  [ 11  (-4,1,-2,2) ; (-2,-1,2,-2)  16 ]  | det=1? true
[51] 12 15 -2 -1 -2 -2  |  [ 12  (-2,-1,-2,-2) ; (-4,1,2,2)  15 ]  | det=1? true
[52] 12 15 -4 -1 -2 2  |  [ 12  (-4,-1,-2,2) ; (-2,1,2,-2)  15 ]  | det=1? true
[53] 12 16 -4 1 -2 -2  |  [ 12  (-4,1,-2,-2) ; (-6,-1,2,2)  16 ]  | det=1? true
[54] 12 16 -6 1 -2 2  |  [ 12  (-6,1,-2,2) ; (-4,-1,2,-2)  16 ]  | det=1? true
[55] 12 16 -3 -2 -2 -2  |  [ 12  (-3,-2,-2,-2) ; (-5,2,2,2)  16 ]  | det=1? true
[56] 12 16 -5 -2 -2 2  |  [ 12  (-5,-2,-2,2) ; (-3,2,2,-2)  16 ]  | det=1? true
[57] 13 16 -4 -3 -2 -2  |  [ 13  (-4,-3,-2,-2) ; (-6,3,2,2)  16 ]  | det=1? true
[58] 13 16 -6 -3 -2 2  |  [ 13  (-6,-3,-2,2) ; (-4,3,2,-2)  16 ]  | det=1? true
[59] 15 15 -6 -2 -2 -2  |  [ 15  (-6,-2,-2,-2) ; (-8,2,2,2)  15 ]  | det=1? true
[60] 15 15 -8 -2 -2 2  |  [ 15  (-8,-2,-2,2) ; (-6,2,2,-2)  15 ]  | det=1? true
[61] 16 16 -7 -4 -2 -2  |  [ 16  (-7,-4,-2,-2) ; (-9,4,2,2)  16 ]  | det=1? true
[62] 16 16 -9 -4 -2 2  |  [ 16  (-9,-4,-2,2) ; (-7,4,2,-2)  16 ]  | det=1? true
[63] 6 17 -3 -2 -2 0  |  [ 6  (-3,-2,-2,0) ; (-3,2,2,0)  17 ]  | det=1? true
[64] 6 18 -1 0 -2 -1  |  [ 6  (-1,0,-2,-1) ; (-2,0,2,1)  18 ]  | det=1? true
[65] 6 18 -2 0 -2 1  |  [ 6  (-2,0,-2,1) ; (-1,0,2,-1)  18 ]  | det=1? true
[66] 7 18 -3 -2 -2 -1  |  [ 7  (-3,-2,-2,-1) ; (-4,2,2,1)  18 ]  | det=1? true
[67] 7 18 -4 -2 -2 1  |  [ 7  (-4,-2,-2,1) ; (-3,2,2,-1)  18 ]  | det=1? true
[68] 11 17 -3 -1 -2 -2  |  [ 11  (-3,-1,-2,-2) ; (-5,1,2,2)  17 ]  | det=1? true
[69] 11 17 -5 -1 -2 2  |  [ 11  (-5,-1,-2,2) ; (-3,1,2,-2)  17 ]  | det=1? true
[70] 11 18 -1 -2 0 -3  |  [ 11  (-1,-2,0,-3) ; (-4,2,0,3)  18 ]  | det=1? true
[71] 13 17 -3 1 -3 -1  |  [ 13  (-3,1,-3,-1) ; (-4,-1,3,1)  17 ]  | det=1? true
[72] 13 17 -4 1 -3 1  |  [ 13  (-4,1,-3,1) ; (-3,-1,3,-1)  17 ]  | det=1? true
[73] 13 17 -2 0 -1 -3  |  [ 13  (-2,0,-1,-3) ; (-5,0,1,3)  17 ]  | det=1? true
[74] 13 17 -2 -1 -3 -1  |  [ 13  (-2,-1,-3,-1) ; (-3,1,3,1)  17 ]  | det=1? true
[75] 14 18 -6 -5 -2 -2  |  [ 14  (-6,-5,-2,-2) ; (-8,5,2,2)  18 ]  | det=1? true
[76] 14 18 -8 -5 -2 2  |  [ 14  (-8,-5,-2,2) ; (-6,5,2,-2)  18 ]  | det=1? true
[77] 16 17 0 1 -3 -2  |  [ 16  (0,1,-3,-2) ; (-2,-1,3,2)  17 ]  | det=1? true
[78] 17 17 -3 0 -3 -2  |  [ 17  (-3,0,-3,-2) ; (-5,0,3,2)  17 ]  | det=1? true
[79] 17 17 -5 0 -3 2  |  [ 17  (-5,0,-3,2) ; (-3,0,3,-2)  17 ]  | det=1? true
[80] 6 19 -2 0 -1 -2  |  [ 6  (-2,0,-1,-2) ; (-4,0,1,2)  19 ]  | det=1? true
[81] 6 19 -4 0 -1 2  |  [ 6  (-4,0,-1,2) ; (-2,0,1,-2)  19 ]  | det=1? true
[82] 11 19 0 1 -3 -1  |  [ 11  (0,1,-3,-1) ; (-1,-1,3,1)  19 ]  | det=1? true
[83] 12 19 -5 -4 -2 -2  |  [ 12  (-5,-4,-2,-2) ; (-7,4,2,2)  19 ]  | det=1? true
[84] 14 20 -2 1 -3 -2  |  [ 14  (-2,1,-3,-2) ; (-4,-1,3,2)  20 ]  | det=1? true
[85] 14 20 -4 1 -3 2  |  [ 14  (-4,1,-3,2) ; (-2,-1,3,-2)  20 ]  | det=1? true
[86] 15 19 -7 -3 -3 -1  |  [ 15  (-7,-3,-3,-1) ; (-8,3,3,1)  19 ]  | det=1? true
[87] 15 19 -8 -3 -3 1  |  [ 15  (-8,-3,-3,1) ; (-7,3,3,-1)  19 ]  | det=1? true
[88] 15 19 -6 -4 -1 -3  |  [ 15  (-6,-4,-1,-3) ; (-9,4,1,3)  19 ]  | det=1? true
[89] 15 19 -9 -4 -1 3  |  [ 15  (-9,-4,-1,3) ; (-6,4,1,-3)  19 ]  | det=1? true
[90] 16 20 -6 1 -3 -2  |  [ 16  (-6,1,-3,-2) ; (-8,-1,3,2)  20 ]  | det=1? true
[91] 16 20 -8 1 -3 2  |  [ 16  (-8,1,-3,2) ; (-6,-1,3,-2)  20 ]  | det=1? true
[92] 17 19 -8 -5 -3 -1  |  [ 17  (-8,-5,-3,-1) ; (-9,5,3,1)  19 ]  | det=1? true
[93] 17 19 -9 -5 -3 1  |  [ 17  (-9,-5,-3,1) ; (-8,5,3,-1)  19 ]  | det=1? true
[94] 17 19 -7 -6 -1 -3  |  [ 17  (-7,-6,-1,-3) ; (-10,6,1,3)  19 ]  | det=1? true
[95] 17 20 -6 -3 -3 -2  |  [ 17  (-6,-3,-3,-2) ; (-8,3,3,2)  20 ]  | det=1? true
[96] 17 20 -8 -3 -3 2  |  [ 17  (-8,-3,-3,2) ; (-6,3,3,-2)  20 ]  | det=1? true
[97] 20 20 -6 0 -4 -1  |  [ 20  (-6,0,-4,-1) ; (-7,0,4,1)  20 ]  | det=1? true
[98] 20 20 -7 0 -4 1  |  [ 20  (-7,0,-4,1) ; (-6,0,4,-1)  20 ]  | det=1? true
[99] 4 22 -2 1 -2 0  |  [ 4  (-2,1,-2,0) ; (-2,-1,2,0)  22 ]  | det=1? true
[100] 5 21 0 1 -2 -1  |  [ 5  (0,1,-2,-1) ; (-1,-1,2,1)  21 ]  | det=1? true
[101] 5 21 -1 1 -2 1  |  [ 5  (-1,1,-2,1) ; (0,-1,2,-1)  21 ]  | det=1? true
[102] 8 21 0 1 -2 -2  |  [ 8  (0,1,-2,-2) ; (-2,-1,2,2)  21 ]  | det=1? true
[103] 8 21 -2 1 -2 2  |  [ 8  (-2,1,-2,2) ; (0,-1,2,-2)  21 ]  | det=1? true
[104] 8 22 -2 1 -2 -2  |  [ 8  (-2,1,-2,-2) ; (-4,-1,2,2)  22 ]  | det=1? true
[105] 8 22 -4 1 -2 2  |  [ 8  (-4,1,-2,2) ; (-2,-1,2,-2)  22 ]  | det=1? true
[106] 11 21 -3 -1 -1 -3  |  [ 11  (-3,-1,-1,-3) ; (-6,1,1,3)  21 ]  | det=1? true
[107] 11 21 -6 -1 -1 3  |  [ 11  (-6,-1,-1,3) ; (-3,1,1,-3)  21 ]  | det=1? true
[108] 13 21 0 1 -2 -3  |  [ 13  (0,1,-2,-3) ; (-3,-1,2,3)  21 ]  | det=1? true
[109] 13 21 -3 1 -2 3  |  [ 13  (-3,1,-2,3) ; (0,-1,2,-3)  21 ]  | det=1? true
[110] 13 22 -2 -1 -3 -2  |  [ 13  (-2,-1,-3,-2) ; (-4,1,3,2)  22 ]  | det=1? true
[111] 13 22 -4 -1 -3 2  |  [ 13  (-4,-1,-3,2) ; (-2,1,3,-2)  22 ]  | det=1? true
[112] 14 22 -4 -2 -3 -2  |  [ 14  (-4,-2,-3,-2) ; (-6,2,3,2)  22 ]  | det=1? true
[113] 14 22 -6 -2 -3 2  |  [ 14  (-6,-2,-3,2) ; (-4,2,3,-2)  22 ]  | det=1? true
[114] 16 21 -6 -2 -2 -3  |  [ 16  (-6,-2,-2,-3) ; (-9,2,2,3)  21 ]  | det=1? true
[115] 16 22 -6 -4 -2 -3  |  [ 16  (-6,-4,-2,-3) ; (-9,4,2,3)  22 ]  | det=1? true
[116] 16 22 -9 -4 -2 3  |  [ 16  (-9,-4,-2,3) ; (-6,4,2,-3)  22 ]  | det=1? true
[117] 17 22 -4 2 -4 -1  |  [ 17  (-4,2,-4,-1) ; (-5,-2,4,1)  22 ]  | det=1? true
[118] 17 22 -5 2 -4 1  |  [ 17  (-5,2,-4,1) ; (-4,-2,4,-1)  22 ]  | det=1? true
[119] 18 21 -4 0 -4 -1  |  [ 18  (-4,0,-4,-1) ; (-5,0,4,1)  21 ]  | det=1? true
[120] 18 22 -6 2 -4 -1  |  [ 18  (-6,2,-4,-1) ; (-7,-2,4,1)  22 ]  | det=1? true
[121] 18 22 -7 2 -4 1  |  [ 18  (-7,2,-4,1) ; (-6,-2,4,-1)  22 ]  | det=1? true
[122] 18 22 -4 -2 -1 -4  |  [ 18  (-4,-2,-1,-4) ; (-8,2,1,4)  22 ]  | det=1? true
[123] 18 22 -8 -2 -1 4  |  [ 18  (-8,-2,-1,4) ; (-4,2,1,-4)  22 ]  | det=1? true
[124] 19 21 -2 -2 -3 -3  |  [ 19  (-2,-2,-3,-3) ; (-5,2,3,3)  21 ]  | det=1? true
[125] 19 22 -6 0 -1 -4  |  [ 19  (-6,0,-1,-4) ; (-10,0,1,4)  22 ]  | det=1? true
[126] 19 22 0 1 -4 -2  |  [ 19  (0,1,-4,-2) ; (-2,-1,4,2)  22 ]  | det=1? true
[127] 20 21 -6 -1 -1 -4  |  [ 20  (-6,-1,-1,-4) ; (-10,1,1,4)  21 ]  | det=1? true
[128] 20 21 -10 -1 -1 4  |  [ 20  (-10,-1,-1,4) ; (-6,1,1,-4)  21 ]  | det=1? true
[129] 21 21 -7 -2 -1 -4  |  [ 21  (-7,-2,-1,-4) ; (-11,2,1,4)  21 ]  | det=1? true
[130] 21 21 -11 -2 -1 4  |  [ 21  (-11,-2,-1,4) ; (-7,2,1,-4)  21 ]  | det=1? true
[131] 21 21 -3 1 -2 -4  |  [ 21  (-3,1,-2,-4) ; (-7,-1,2,4)  21 ]  | det=1? true
[132] 21 21 -7 1 -2 4  |  [ 21  (-7,1,-2,4) ; (-3,-1,2,-4)  21 ]  | det=1? true
[133] 21 21 -3 -1 -4 -2  |  [ 21  (-3,-1,-4,-2) ; (-5,1,4,2)  21 ]  | det=1? true
[134] 21 21 -2 -2 -2 -4  |  [ 21  (-2,-2,-2,-4) ; (-6,2,2,4)  21 ]  | det=1? true
[135] 21 22 -8 -4 -4 -1  |  [ 21  (-8,-4,-4,-1) ; (-9,4,4,1)  22 ]  | det=1? true
[136] 22 22 -7 0 -4 -2  |  [ 22  (-7,0,-4,-2) ; (-9,0,4,2)  22 ]  | det=1? true
[137] 22 22 -9 0 -4 2  |  [ 22  (-9,0,-4,2) ; (-7,0,4,-2)  22 ]  | det=1? true
[138] 13 23 -3 -2 -3 -2  |  [ 13  (-3,-2,-3,-2) ; (-5,2,3,2)  23 ]  | det=1? true
[139] 13 23 -5 -2 -3 2  |  [ 13  (-5,-2,-3,2) ; (-3,2,3,-2)  23 ]  | det=1? true
[140] 14 23 -6 0 -3 -2  |  [ 14  (-6,0,-3,-2) ; (-8,0,3,2)  23 ]  | det=1? true
[141] 14 23 -8 0 -3 2  |  [ 14  (-8,0,-3,2) ; (-6,0,3,-2)  23 ]  | det=1? true
[142] 14 23 -5 -2 -2 -3  |  [ 14  (-5,-2,-2,-3) ; (-8,2,2,3)  23 ]  | det=1? true
[143] 14 23 -8 -2 -2 3  |  [ 14  (-8,-2,-2,3) ; (-5,2,2,-3)  23 ]  | det=1? true
[144] 15 24 0 -1 -1 -4  |  [ 15  (0,-1,-1,-4) ; (-4,1,1,4)  24 ]  | det=1? true
[145] 16 24 -5 2 -4 -1  |  [ 16  (-5,2,-4,-1) ; (-6,-2,4,1)  24 ]  | det=1? true
[146] 16 24 -6 2 -4 1  |  [ 16  (-6,2,-4,1) ; (-5,-2,4,-1)  24 ]  | det=1? true
[147] 17 23 -7 -6 -3 -2  |  [ 17  (-7,-6,-3,-2) ; (-9,6,3,2)  23 ]  | det=1? true
[148] 17 23 -9 -6 -3 2  |  [ 17  (-9,-6,-3,2) ; (-7,6,3,-2)  23 ]  | det=1? true
[149] 17 23 -3 -3 -1 -4  |  [ 17  (-3,-3,-1,-4) ; (-7,3,1,4)  23 ]  | det=1? true
[150] 18 23 -7 0 -4 -1  |  [ 18  (-7,0,-4,-1) ; (-8,0,4,1)  23 ]  | det=1? true
[151] 18 24 -3 2 -4 -2  |  [ 18  (-3,2,-4,-2) ; (-5,-2,4,2)  24 ]  | det=1? true
[152] 18 24 -5 2 -4 2  |  [ 18  (-5,2,-4,2) ; (-3,-2,4,-2)  24 ]  | det=1? true
[153] 18 24 -2 1 -2 -4  |  [ 18  (-2,1,-2,-4) ; (-6,-1,2,4)  24 ]  | det=1? true
[154] 18 24 -6 1 -2 4  |  [ 18  (-6,1,-2,4) ; (-2,-1,2,-4)  24 ]  | det=1? true
[155] 19 24 -5 0 -4 -2  |  [ 19  (-5,0,-4,-2) ; (-7,0,4,2)  24 ]  | det=1? true
[156] 19 24 -7 0 -4 2  |  [ 19  (-7,0,-4,2) ; (-5,0,4,-2)  24 ]  | det=1? true
[157] 20 23 -6 -6 -1 -4  |  [ 20  (-6,-6,-1,-4) ; (-10,6,1,4)  23 ]  | det=1? true
[158] 20 23 -10 -6 -1 4  |  [ 20  (-10,-6,-1,4) ; (-6,6,1,-4)  23 ]  | det=1? true
[159] 20 24 -9 -4 -4 -1  |  [ 20  (-9,-4,-4,-1) ; (-10,4,4,1)  24 ]  | det=1? true
[160] 20 24 -10 -4 -4 1  |  [ 20  (-10,-4,-4,1) ; (-9,4,4,-1)  24 ]  | det=1? true
[161] 20 24 -7 2 -4 -2  |  [ 20  (-7,2,-4,-2) ; (-9,-2,4,2)  24 ]  | det=1? true
[162] 20 24 -9 2 -4 2  |  [ 20  (-9,2,-4,2) ; (-7,-2,4,-2)  24 ]  | det=1? true
[163] 23 23 -7 -5 -4 -2  |  [ 23  (-7,-5,-4,-2) ; (-9,5,4,2)  23 ]  | det=1? true
[164] 23 23 -9 -5 -4 2  |  [ 23  (-9,-5,-4,2) ; (-7,5,4,-2)  23 ]  | det=1? true
[165] 23 23 -6 -6 -2 -4  |  [ 23  (-6,-6,-2,-4) ; (-10,6,2,4)  23 ]  | det=1? true
[166] 23 23 -10 -6 -2 4  |  [ 23  (-10,-6,-2,4) ; (-6,6,2,-4)  23 ]  | det=1? true
[167] 24 24 -11 -2 -4 -2  |  [ 24  (-11,-2,-4,-2) ; (-13,2,4,2)  24 ]  | det=1? true
[168] 24 24 -13 -2 -4 2  |  [ 24  (-13,-2,-4,2) ; (-11,2,4,-2)  24 ]  | det=1? true
[169] 11 26 -2 -1 -3 -2  |  [ 11  (-2,-1,-3,-2) ; (-4,1,3,2)  26 ]  | det=1? true
[170] 11 26 -4 -1 -3 2  |  [ 11  (-4,-1,-3,2) ; (-2,1,3,-2)  26 ]  | det=1? true
[171] 12 25 -3 -2 -2 -3  |  [ 12  (-3,-2,-2,-3) ; (-6,2,2,3)  25 ]  | det=1? true
[172] 12 25 -6 -2 -2 3  |  [ 12  (-6,-2,-2,3) ; (-3,2,2,-3)  25 ]  | det=1? true
[173] 14 26 -2 0 -4 -1  |  [ 14  (-2,0,-4,-1) ; (-3,0,4,1)  26 ]  | det=1? true
[174] 14 26 -3 0 -4 1  |  [ 14  (-3,0,-4,1) ; (-2,0,4,-1)  26 ]  | det=1? true
[175] 15 25 -3 -1 -4 -1  |  [ 15  (-3,-1,-4,-1) ; (-4,1,4,1)  25 ]  | det=1? true
[176] 15 25 -4 -1 -4 1  |  [ 15  (-4,-1,-4,1) ; (-3,1,4,-1)  25 ]  | det=1? true
[177] 15 26 -4 -2 -4 -1  |  [ 15  (-4,-2,-4,-1) ; (-5,2,4,1)  26 ]  | det=1? true
[178] 15 26 -5 -2 -4 1  |  [ 15  (-5,-2,-4,1) ; (-4,2,4,-1)  26 ]  | det=1? true
[179] 16 25 -6 0 -4 -1  |  [ 16  (-6,0,-4,-1) ; (-7,0,4,1)  25 ]  | det=1? true
[180] 16 25 -7 0 -4 1  |  [ 16  (-7,0,-4,1) ; (-6,0,4,-1)  25 ]  | det=1? true
[181] 16 25 -5 -2 -4 -1  |  [ 16  (-5,-2,-4,-1) ; (-6,2,4,1)  25 ]  | det=1? true
[182] 16 25 -6 -2 -4 1  |  [ 16  (-6,-2,-4,1) ; (-5,2,4,-1)  25 ]  | det=1? true
[183] 17 26 -3 0 -2 -4  |  [ 17  (-3,0,-2,-4) ; (-7,0,2,4)  26 ]  | det=1? true
[184] 17 26 -7 0 -2 4  |  [ 17  (-7,0,-2,4) ; (-3,0,2,-4)  26 ]  | det=1? true
[185] 18 25 -3 -2 -2 -4  |  [ 18  (-3,-2,-2,-4) ; (-7,2,2,4)  25 ]  | det=1? true
[186] 18 25 -7 -2 -2 4  |  [ 18  (-7,-2,-2,4) ; (-3,2,2,-4)  25 ]  | det=1? true
[187] 19 25 -8 -5 -4 -1  |  [ 19  (-8,-5,-4,-1) ; (-9,5,4,1)  25 ]  | det=1? true
[188] 19 25 -9 -5 -4 1  |  [ 19  (-9,-5,-4,1) ; (-8,5,4,-1)  25 ]  | det=1? true
[189] 20 26 -9 0 -4 -2  |  [ 20  (-9,0,-4,-2) ; (-11,0,4,2)  26 ]  | det=1? true
[190] 21 25 -9 -1 -4 -2  |  [ 21  (-9,-1,-4,-2) ; (-11,1,4,2)  25 ]  | det=1? true
[191] 21 25 -9 -7 -4 -1  |  [ 21  (-9,-7,-4,-1) ; (-10,7,4,1)  25 ]  | det=1? true
[192] 21 26 -8 -5 -4 -2  |  [ 21  (-8,-5,-4,-2) ; (-10,5,4,2)  26 ]  | det=1? true
[193] 21 26 -10 -5 -4 2  |  [ 21  (-10,-5,-4,2) ; (-8,5,4,-2)  26 ]  | det=1? true
[194] 25 25 -8 -1 -5 -1  |  [ 25  (-8,-1,-5,-1) ; (-9,1,5,1)  25 ]  | det=1? true
[195] 25 25 -9 -1 -5 1  |  [ 25  (-9,-1,-5,1) ; (-8,1,5,-1)  25 ]  | det=1? true
[196] 26 26 -6 0 -2 -5  |  [ 26  (-6,0,-2,-5) ; (-11,0,2,5)  26 ]  | det=1? true
[197] 26 26 -11 0 -2 5  |  [ 26  (-11,0,-2,5) ; (-6,0,2,-5)  26 ]  | det=1? true
[198] 6 28 0 1 -2 -2  |  [ 6  (0,1,-2,-2) ; (-2,-1,2,2)  28 ]  | det=1? true
[199] 13 28 -2 0 -4 -1  |  [ 13  (-2,0,-4,-1) ; (-3,0,4,1)  28 ]  | det=1? true
[200] 13 28 -3 0 -4 1  |  [ 13  (-3,0,-4,1) ; (-2,0,4,-1)  28 ]  | det=1? true
[201] 14 28 -4 -1 -1 -4  |  [ 14  (-4,-1,-1,-4) ; (-8,1,1,4)  28 ]  | det=1? true
[202] 15 28 -1 2 -4 -2  |  [ 15  (-1,2,-4,-2) ; (-3,-2,4,2)  28 ]  | det=1? true
[203] 15 28 -3 2 -4 2  |  [ 15  (-3,2,-4,2) ; (-1,-2,4,-2)  28 ]  | det=1? true
[204] 19 28 -2 2 -4 -3  |  [ 19  (-2,2,-4,-3) ; (-5,-2,4,3)  28 ]  | det=1? true
[205] 19 28 -5 2 -4 3  |  [ 19  (-5,2,-4,3) ; (-2,-2,4,-3)  28 ]  | det=1? true
[206] 21 27 -4 0 -5 -1  |  [ 21  (-4,0,-5,-1) ; (-5,0,5,1)  27 ]  | det=1? true
[207] 23 27 -3 1 -5 -2  |  [ 23  (-3,1,-5,-2) ; (-5,-1,5,2)  27 ]  | det=1? true
[208] 25 27 -6 1 -2 -5  |  [ 25  (-6,1,-2,-5) ; (-11,-1,2,5)  27 ]  | det=1? true
[209] 25 27 -11 1 -2 5  |  [ 25  (-11,1,-2,5) ; (-6,-1,2,-5)  27 ]  | det=1? true
[210] 27 27 -11 -2 -1 -5  |  [ 27  (-11,-2,-1,-5) ; (-16,2,1,5)  27 ]  | det=1? true
[211] 27 27 -11 -5 -5 -1  |  [ 27  (-11,-5,-5,-1) ; (-12,5,5,1)  27 ]  | det=1? true
[212] 27 27 -9 -7 -1 -5  |  [ 27  (-9,-7,-1,-5) ; (-14,7,1,5)  27 ]  | det=1? true
[213] 28 28 -10 -4 -2 -5  |  [ 28  (-10,-4,-2,-5) ; (-15,4,2,5)  28 ]  | det=1? true
[214] 28 28 -15 -4 -2 5  |  [ 28  (-15,-4,-2,5) ; (-10,4,2,-5)  28 ]  | det=1? true
[215] 28 28 -9 -6 -2 -5  |  [ 28  (-9,-6,-2,-5) ; (-14,6,2,5)  28 ]  | det=1? true
[216] 28 28 -14 -6 -2 5  |  [ 28  (-14,-6,-2,5) ; (-9,6,2,-5)  28 ]  | det=1? true
[217] 13 30 -4 -2 -4 -1  |  [ 13  (-4,-2,-4,-1) ; (-5,2,4,1)  30 ]  | det=1? true
[218] 18 30 -3 2 -4 -3  |  [ 18  (-3,2,-4,-3) ; (-6,-2,4,3)  30 ]  | det=1? true
[219] 18 30 -6 2 -4 3  |  [ 18  (-6,2,-4,3) ; (-3,-2,4,-3)  30 ]  | det=1? true
[220] 20 29 -9 -6 -4 -2  |  [ 20  (-9,-6,-4,-2) ; (-11,6,4,2)  29 ]  | det=1? true
[221] 21 29 0 1 -2 -5  |  [ 21  (0,1,-2,-5) ; (-5,-1,2,5)  29 ]  | det=1? true
[222] 22 30 -5 0 -2 -5  |  [ 22  (-5,0,-2,-5) ; (-10,0,2,5)  30 ]  | det=1? true
[223] 22 30 -10 0 -2 5  |  [ 22  (-10,0,-2,5) ; (-5,0,2,-5)  30 ]  | det=1? true
[224] 24 30 -10 -6 -3 -4  |  [ 24  (-10,-6,-3,-4) ; (-14,6,3,4)  30 ]  | det=1? true
[225] 24 30 -14 -6 -3 4  |  [ 24  (-14,-6,-3,4) ; (-10,6,3,-4)  30 ]  | det=1? true
[226] 26 29 -10 -8 -3 -4  |  [ 26  (-10,-8,-3,-4) ; (-14,8,3,4)  29 ]  | det=1? true
[227] 26 29 -14 -8 -3 4  |  [ 26  (-14,-8,-3,4) ; (-10,8,3,-4)  29 ]  | det=1? true
[228] 26 29 -10 -3 -5 -2  |  [ 26  (-10,-3,-5,-2) ; (-12,3,5,2)  29 ]  | det=1? true
[229] 27 29 -12 -7 -4 -3  |  [ 27  (-12,-7,-4,-3) ; (-15,7,4,3)  29 ]  | det=1? true
[230] 27 29 -6 -2 -5 -3  |  [ 27  (-6,-2,-5,-3) ; (-9,2,5,3)  29 ]  | det=1? true
[231] 27 29 -9 -2 -5 3  |  [ 27  (-9,-2,-5,3) ; (-6,2,5,-3)  29 ]  | det=1? true
[232] 7 31 -1 -1 -1 -3  |  [ 7  (-1,-1,-1,-3) ; (-4,1,1,3)  31 ]  | det=1? true
[233] 7 31 -4 -1 -1 3  |  [ 7  (-4,-1,-1,3) ; (-1,1,1,-3)  31 ]  | det=1? true
[234] 17 31 -1 1 -4 -3  |  [ 17  (-1,1,-4,-3) ; (-4,-1,4,3)  31 ]  | det=1? true
[235] 17 31 -4 1 -4 3  |  [ 17  (-4,1,-4,3) ; (-1,-1,4,-3)  31 ]  | det=1? true
[236] 17 32 -3 0 -4 -3  |  [ 17  (-3,0,-4,-3) ; (-6,0,4,3)  32 ]  | det=1? true
[237] 17 32 -6 0 -4 3  |  [ 17  (-6,0,-4,3) ; (-3,0,4,-3)  32 ]  | det=1? true
[238] 18 32 -6 2 -4 -3  |  [ 18  (-6,2,-4,-3) ; (-9,-2,4,3)  32 ]  | det=1? true
[239] 18 32 -9 2 -4 3  |  [ 18  (-9,2,-4,3) ; (-6,-2,4,-3)  32 ]  | det=1? true
[240] 22 32 -8 -2 -5 -2  |  [ 22  (-8,-2,-5,-2) ; (-10,2,5,2)  32 ]  | det=1? true
[241] 22 32 -10 -2 -5 2  |  [ 22  (-10,-2,-5,2) ; (-8,2,5,-2)  32 ]  | det=1? true
[242] 23 32 -10 -1 -5 -2  |  [ 23  (-10,-1,-5,-2) ; (-12,1,5,2)  32 ]  | det=1? true
[243] 23 32 -12 -1 -5 2  |  [ 23  (-12,-1,-5,2) ; (-10,1,5,-2)  32 ]  | det=1? true
[244] 24 31 -10 -2 -5 -2  |  [ 24  (-10,-2,-5,-2) ; (-12,2,5,2)  31 ]  | det=1? true
[245] 27 31 -11 -7 -5 -2  |  [ 27  (-11,-7,-5,-2) ; (-13,7,5,2)  31 ]  | det=1? true
[246] 28 31 -9 0 -6 -1  |  [ 28  (-9,0,-6,-1) ; (-10,0,6,1)  31 ]  | det=1? true
[247] 29 31 -7 1 -6 -2  |  [ 29  (-7,1,-6,-2) ; (-9,-1,6,2)  31 ]  | det=1? true
[248] 31 31 -12 -3 -6 -1  |  [ 31  (-12,-3,-6,-1) ; (-13,3,6,1)  31 ]  | det=1? true
[249] 31 31 -10 0 -6 -2  |  [ 31  (-10,0,-6,-2) ; (-12,0,6,2)  31 ]  | det=1? true
[250] 16 34 -7 -6 -4 -2  |  [ 16  (-7,-6,-4,-2) ; (-9,6,4,2)  34 ]  | det=1? true
[251] 19 34 -8 -4 -4 -3  |  [ 19  (-8,-4,-4,-3) ; (-11,4,4,3)  34 ]  | det=1? true
[252] 21 33 -8 -6 -1 -5  |  [ 21  (-8,-6,-1,-5) ; (-13,6,1,5)  33 ]  | det=1? true
[253] 21 33 -13 -6 -1 5  |  [ 21  (-13,-6,-1,5) ; (-8,6,1,-5)  33 ]  | det=1? true
[254] 22 33 -10 1 -5 -2  |  [ 22  (-10,1,-5,-2) ; (-12,-1,5,2)  33 ]  | det=1? true
[255] 22 33 -12 1 -5 2  |  [ 22  (-12,1,-5,2) ; (-10,-1,5,-2)  33 ]  | det=1? true
[256] 25 34 -8 0 -6 -1  |  [ 25  (-8,0,-6,-1) ; (-9,0,6,1)  34 ]  | det=1? true
[257] 25 34 -9 0 -6 1  |  [ 25  (-9,0,-6,1) ; (-8,0,6,-1)  34 ]  | det=1? true
[258] 28 34 -8 1 -2 -6  |  [ 28  (-8,1,-2,-6) ; (-14,-1,2,6)  34 ]  | det=1? true
[259] 33 33 -15 -8 -5 -3  |  [ 33  (-15,-8,-5,-3) ; (-18,8,5,3)  33 ]  | det=1? true
[260] 33 33 -14 -9 -3 -5  |  [ 33  (-14,-9,-3,-5) ; (-19,9,3,5)  33 ]  | det=1? true
[261] 33 33 -2 -4 -1 -7  |  [ 33  (-2,-4,-1,-7) ; (-9,4,1,7)  33 ]  | det=1? true
[262] 14 35 -5 -4 -2 -4  |  [ 14  (-5,-4,-2,-4) ; (-9,4,2,4)  35 ]  | det=1? true
[263] 14 35 -9 -4 -2 4  |  [ 14  (-9,-4,-2,4) ; (-5,4,2,-4)  35 ]  | det=1? true
[264] 16 36 -4 -3 -3 -4  |  [ 16  (-4,-3,-3,-4) ; (-8,3,3,4)  36 ]  | det=1? true
[265] 16 36 -8 -3 -3 4  |  [ 16  (-8,-3,-3,4) ; (-4,3,3,-4)  36 ]  | det=1? true
[266] 17 35 -4 -3 -1 -5  |  [ 17  (-4,-3,-1,-5) ; (-9,3,1,5)  35 ]  | det=1? true
[267] 17 35 -9 -3 -1 5  |  [ 17  (-9,-3,-1,5) ; (-4,3,1,-5)  35 ]  | det=1? true
[268] 19 36 -6 -2 -2 -5  |  [ 19  (-6,-2,-2,-5) ; (-11,2,2,5)  36 ]  | det=1? true
[269] 28 35 -7 -6 -2 -6  |  [ 28  (-7,-6,-2,-6) ; (-13,6,2,6)  35 ]  | det=1? true
[270] 28 36 -10 2 -4 -5  |  [ 28  (-10,2,-4,-5) ; (-15,-2,4,5)  36 ]  | det=1? true
[271] 28 36 -15 2 -4 5  |  [ 28  (-15,2,-4,5) ; (-10,-2,4,-5)  36 ]  | det=1? true
[272] 32 35 -4 1 -6 -4  |  [ 32  (-4,1,-6,-4) ; (-8,-1,6,4)  35 ]  | det=1? true
[273] 33 35 -10 1 -7 -1  |  [ 33  (-10,1,-7,-1) ; (-11,-1,7,1)  35 ]  | det=1? true
[274] 33 36 -8 1 -7 -2  |  [ 33  (-8,1,-7,-2) ; (-10,-1,7,2)  36 ]  | det=1? true
[275] 34 36 -14 -8 -4 -5  |  [ 34  (-14,-8,-4,-5) ; (-19,8,4,5)  36 ]  | det=1? true
[276] 24 37 -4 2 -5 -4  |  [ 24  (-4,2,-5,-4) ; (-8,-2,5,4)  37 ]  | det=1? true
[277] 28 37 -13 0 -6 -2  |  [ 28  (-13,0,-6,-2) ; (-15,0,6,2)  37 ]  | det=1? true
[278] 34 38 -12 -1 -6 -4  |  [ 34  (-12,-1,-6,-4) ; (-16,1,6,4)  38 ]  | det=1? true
[279] 35 38 -13 -2 -6 -4  |  [ 35  (-13,-2,-6,-4) ; (-17,2,6,4)  38 ]  | det=1? true
[280] 35 38 -11 -6 -6 -4  |  [ 35  (-11,-6,-6,-4) ; (-15,6,6,4)  38 ]  | det=1? true
[281] 38 38 -6 -2 -7 -4  |  [ 38  (-6,-2,-7,-4) ; (-10,2,7,4)  38 ]  | det=1? true
[282] 29 39 -2 1 -2 -7  |  [ 29  (-2,1,-2,-7) ; (-9,-1,2,7)  39 ]  | det=1? true
[283] 33 39 -10 -1 -2 -7  |  [ 33  (-10,-1,-2,-7) ; (-17,1,2,7)  39 ]  | det=1? true
[284] 39 39 -9 1 -8 -2  |  [ 39  (-9,1,-8,-2) ; (-11,-1,8,2)  39 ]  | det=1? true
[285] 4 42 0 1 -2 -2  |  [ 4  (0,1,-2,-2) ; (-2,-1,2,2)  42 ]  | det=1? true
[286] 10 42 0 1 -2 -4  |  [ 10  (0,1,-2,-4) ; (-4,-1,2,4)  42 ]  | det=1? true
[287] 20 42 0 1 -2 -6  |  [ 20  (0,1,-2,-6) ; (-6,-1,2,6)  42 ]  | det=1? true
[288] 26 44 -6 3 -6 -4  |  [ 26  (-6,3,-6,-4) ; (-10,-3,6,4)  44 ]  | det=1? true
[289] 34 41 -15 -2 -6 -4  |  [ 34  (-15,-2,-6,-4) ; (-19,2,6,4)  41 ]  | det=1? true
[290] 20 45 -4 -1 -5 -4  |  [ 20  (-4,-1,-5,-4) ; (-8,1,5,4)  45 ]  | det=1? true
[291] 42 45 -18 -11 -5 -6  |  [ 42  (-18,-11,-5,-6) ; (-24,11,5,6)  45 ]  | det=1? true
[292] 47 47 -15 -7 -2 -9  |  [ 47  (-15,-7,-2,-9) ; (-24,7,2,9)  47 ]  | det=1? true
[293] 26 49 -11 -2 -6 -4  |  [ 26  (-11,-2,-6,-4) ; (-15,2,6,4)  49 ]  | det=1? true
[294] 26 49 -15 -2 -6 4  |  [ 26  (-15,-2,-6,4) ; (-11,2,6,-4)  49 ]  | det=1? true
[295] 28 54 -6 1 -2 -8  |  [ 28  (-6,1,-2,-8) ; (-14,-1,2,8)  54 ]  | det=1? true
[296] 50 67 -9 -2 -12 -3  |  [ 50  (-9,-2,-12,-3) ; (-12,2,12,3)  67 ]  | det=1? true
