p = 107
order basis: [1, i, (i+j)/2, (1+ij)/2]
classes = 581, targetH = 581
used: Amax=92, Astart=1, Astep=dynamic, depth=0, bacher_depth=0, rep_order=small_bound, process_new_order=small_bound, LLL_reduced_packets=true
timing(s): total=46665.46 enum=7037.66 packets=2.88 reduce=30.21 merge=39584.52 setup=33115.35 iso=227.54
checks: checked=46370722 merged=182208 slow_count=2413 candidates=183762
bounds: old_min=54 old_median=4158 old_max=4968 new_min=12 new_median=18 new_max=54
# Each line: u v w x y z  |  [ u (w,x,y,z) ; conj(a) v ]  | det=1?
[1] 1 1 0 0 0 0  |  [ 1  (0,0,0,0) ; (0,0,0,0)  1 ]  | det=1? true
[2] 5 6 -1 0 0 -1  |  [ 5  (-1,0,0,-1) ; (-2,0,0,1)  6 ]  | det=1? true
[3] 4 7 0 0 0 -1  |  [ 4  (0,0,0,-1) ; (-1,0,0,1)  7 ]  | det=1? true
[4] 5 7 -2 -1 0 -1  |  [ 5  (-2,-1,0,-1) ; (-3,1,0,1)  7 ]  | det=1? true
[5] 7 7 -3 -3 0 -1  |  [ 7  (-3,-3,0,-1) ; (-4,3,0,1)  7 ]  | det=1? true
[6] 4 8 -2 0 -1 0  |  [ 4  (-2,0,-1,0) ; (-2,0,1,0)  8 ]  | det=1? true
[7] 7 9 -2 -1 -1 -1  |  [ 7  (-2,-1,-1,-1) ; (-3,1,1,1)  9 ]  | det=1? true
[8] 7 9 -3 -1 -1 1  |  [ 7  (-3,-1,-1,1) ; (-2,1,1,-1)  9 ]  | det=1? true
[9] 9 9 -4 -2 -1 -1  |  [ 9  (-4,-2,-1,-1) ; (-5,2,1,1)  9 ]  | det=1? true
[10] 9 9 -5 -2 -1 1  |  [ 9  (-5,-2,-1,1) ; (-4,2,1,-1)  9 ]  | det=1? true
[11] 3 10 -1 0 0 -1  |  [ 3  (-1,0,0,-1) ; (-2,0,0,1)  10 ]  | det=1? true
[12] 11 11 -2 -2 0 -2  |  [ 11  (-2,-2,0,-2) ; (-4,2,0,2)  11 ]  | det=1? true
[13] 10 11 -1 0 -2 0  |  [ 10  (-1,0,-2,0) ; (-1,0,2,0)  11 ]  | det=1? true
[14] 5 11 0 0 -1 -1  |  [ 5  (0,0,-1,-1) ; (-1,0,1,1)  11 ]  | det=1? true
[15] 11 11 -3 -1 -2 0  |  [ 11  (-3,-1,-2,0) ; (-3,1,2,0)  11 ]  | det=1? true
[16] 12 12 -6 1 -2 0  |  [ 12  (-6,1,-2,0) ; (-6,-1,2,0)  12 ]  | det=1? true
[17] 12 12 -5 0 0 -2  |  [ 12  (-5,0,0,-2) ; (-7,0,0,2)  12 ]  | det=1? true
[18] 9 12 0 1 -2 0  |  [ 9  (0,1,-2,0) ; (0,-1,2,0)  12 ]  | det=1? true
[19] 12 12 -2 0 -1 -2  |  [ 12  (-2,0,-1,-2) ; (-4,0,1,2)  12 ]  | det=1? true
[20] 12 12 -4 0 -1 2  |  [ 12  (-4,0,-1,2) ; (-2,0,1,-2)  12 ]  | det=1? true
[21] 12 13 -3 -2 -2 -1  |  [ 12  (-3,-2,-2,-1) ; (-4,2,2,1)  13 ]  | det=1? true
[22] 12 13 -4 -2 -2 1  |  [ 12  (-4,-2,-2,1) ; (-3,2,2,-1)  13 ]  | det=1? true
[23] 13 13 -6 -4 -2 0  |  [ 13  (-6,-4,-2,0) ; (-6,4,2,0)  13 ]  | det=1? true
[24] 8 14 -2 1 -2 0  |  [ 8  (-2,1,-2,0) ; (-2,-1,2,0)  14 ]  | det=1? true
[25] 9 14 -3 -2 -2 0  |  [ 9  (-3,-2,-2,0) ; (-3,2,2,0)  14 ]  | det=1? true
[26] 14 14 -6 -3 -1 -2  |  [ 14  (-6,-3,-1,-2) ; (-8,3,1,2)  14 ]  | det=1? true
[27] 14 14 -8 -3 -1 2  |  [ 14  (-8,-3,-1,2) ; (-6,3,1,-2)  14 ]  | det=1? true
[28] 9 13 -3 1 -2 0  |  [ 9  (-3,1,-2,0) ; (-3,-1,2,0)  13 ]  | det=1? true
[29] 12 13 -4 0 -2 -1  |  [ 12  (-4,0,-2,-1) ; (-5,0,2,1)  13 ]  | det=1? true
[30] 13 13 -5 -1 -2 -1  |  [ 13  (-5,-1,-2,-1) ; (-6,1,2,1)  13 ]  | det=1? true
[31] 13 13 -6 -1 -2 1  |  [ 13  (-6,-1,-2,1) ; (-5,1,2,-1)  13 ]  | det=1? true
[32] 12 13 -5 0 -2 1  |  [ 12  (-5,0,-2,1) ; (-4,0,2,-1)  13 ]  | det=1? true
[33] 2 14 0 0 0 -1  |  [ 2  (0,0,0,-1) ; (-1,0,0,1)  14 ]  | det=1? true
[34] 11 15 -5 1 -2 -1  |  [ 11  (-5,1,-2,-1) ; (-6,-1,2,1)  15 ]  | det=1? true
[35] 11 15 -6 1 -2 1  |  [ 11  (-6,1,-2,1) ; (-5,-1,2,-1)  15 ]  | det=1? true
[36] 15 15 -2 0 -2 -2  |  [ 15  (-2,0,-2,-2) ; (-4,0,2,2)  15 ]  | det=1? true
[37] 15 15 -4 0 -2 2  |  [ 15  (-4,0,-2,2) ; (-2,0,2,-2)  15 ]  | det=1? true
[38] 7 16 -2 1 -2 0  |  [ 7  (-2,1,-2,0) ; (-2,-1,2,0)  16 ]  | det=1? true
[39] 15 16 -7 -6 -2 -1  |  [ 15  (-7,-6,-2,-1) ; (-8,6,2,1)  16 ]  | det=1? true
[40] 12 15 -6 -4 -1 2  |  [ 12  (-6,-4,-1,2) ; (-4,4,1,-2)  15 ]  | det=1? true
[41] 8 16 -3 -2 0 -2  |  [ 8  (-3,-2,0,-2) ; (-5,2,0,2)  16 ]  | det=1? true
[42] 9 16 -2 0 -1 -2  |  [ 9  (-2,0,-1,-2) ; (-4,0,1,2)  16 ]  | det=1? true
[43] 15 16 -3 -2 -2 -2  |  [ 15  (-3,-2,-2,-2) ; (-5,2,2,2)  16 ]  | det=1? true
[44] 15 16 -5 -2 -2 2  |  [ 15  (-5,-2,-2,2) ; (-3,2,2,-2)  16 ]  | det=1? true
[45] 16 16 -4 -3 -2 -2  |  [ 16  (-4,-3,-2,-2) ; (-6,3,2,2)  16 ]  | det=1? true
[46] 16 16 -6 -3 -2 2  |  [ 16  (-6,-3,-2,2) ; (-4,3,2,-2)  16 ]  | det=1? true
[47] 9 15 0 1 -2 -1  |  [ 9  (0,1,-2,-1) ; (-1,-1,2,1)  15 ]  | det=1? true
[48] 9 15 -1 1 -2 1  |  [ 9  (-1,1,-2,1) ; (0,-1,2,-1)  15 ]  | det=1? true
[49] 10 15 -2 -2 -1 -2  |  [ 10  (-2,-2,-1,-2) ; (-4,2,1,2)  15 ]  | det=1? true
[50] 10 15 -4 -2 -1 2  |  [ 10  (-4,-2,-1,2) ; (-2,2,1,-2)  15 ]  | det=1? true
[51] 12 15 -4 -4 -1 -2  |  [ 12  (-4,-4,-1,-2) ; (-6,4,1,2)  15 ]  | det=1? true
[52] 10 16 -4 0 -1 -2  |  [ 10  (-4,0,-1,-2) ; (-6,0,1,2)  16 ]  | det=1? true
[53] 10 16 -6 0 -1 2  |  [ 10  (-6,0,-1,2) ; (-4,0,1,-2)  16 ]  | det=1? true
[54] 15 16 -4 1 -2 -2  |  [ 15  (-4,1,-2,-2) ; (-6,-1,2,2)  16 ]  | det=1? true
[55] 15 16 -6 1 -2 2  |  [ 15  (-6,1,-2,2) ; (-4,-1,2,-2)  16 ]  | det=1? true
[56] 17 17 -4 1 -3 -1  |  [ 17  (-4,1,-3,-1) ; (-5,-1,3,1)  17 ]  | det=1? true
[57] 17 17 -5 1 -3 1  |  [ 17  (-5,1,-3,1) ; (-4,-1,3,-1)  17 ]  | det=1? true
[58] 17 17 -3 0 -1 -3  |  [ 17  (-3,0,-1,-3) ; (-6,0,1,3)  17 ]  | det=1? true
[59] 17 17 -6 0 -1 3  |  [ 17  (-6,0,-1,3) ; (-3,0,1,-3)  17 ]  | det=1? true
[60] 15 17 -5 -1 -2 -2  |  [ 15  (-5,-1,-2,-2) ; (-7,1,2,2)  17 ]  | det=1? true
[61] 17 17 -6 -4 -2 -2  |  [ 17  (-6,-4,-2,-2) ; (-8,4,2,2)  17 ]  | det=1? true
[62] 17 17 -8 -4 -2 2  |  [ 17  (-8,-4,-2,2) ; (-6,4,2,-2)  17 ]  | det=1? true
[63] 14 18 -5 0 -2 -2  |  [ 14  (-5,0,-2,-2) ; (-7,0,2,2)  18 ]  | det=1? true
[64] 17 18 -12 -1 -1 -2  |  [ 17  (-12,-1,-1,-2) ; (-14,1,1,2)  18 ]  | det=1? true
[65] 9 17 -5 -1 -1 2  |  [ 9  (-5,-1,-1,2) ; (-3,1,1,-2)  17 ]  | det=1? true
[66] 6 18 0 1 -2 0  |  [ 6  (0,1,-2,0) ; (0,-1,2,0)  18 ]  | det=1? true
[67] 12 18 0 1 -2 -2  |  [ 12  (0,1,-2,-2) ; (-2,-1,2,2)  18 ]  | det=1? true
[68] 16 18 -7 -2 -2 -2  |  [ 16  (-7,-2,-2,-2) ; (-9,2,2,2)  18 ]  | det=1? true
[69] 16 18 -9 -2 -2 2  |  [ 16  (-9,-2,-2,2) ; (-7,2,2,-2)  18 ]  | det=1? true
[70] 9 19 -4 -3 -2 -1  |  [ 9  (-4,-3,-2,-1) ; (-5,3,2,1)  19 ]  | det=1? true
[71] 9 19 -5 -3 -2 1  |  [ 9  (-5,-3,-2,1) ; (-4,3,2,-1)  19 ]  | det=1? true
[72] 19 19 -7 -4 -1 -3  |  [ 19  (-7,-4,-1,-3) ; (-10,4,1,3)  19 ]  | det=1? true
[73] 19 19 -10 -4 -1 3  |  [ 19  (-10,-4,-1,3) ; (-7,4,1,-3)  19 ]  | det=1? true
[74] 14 20 -6 -3 -2 -2  |  [ 14  (-6,-3,-2,-2) ; (-8,3,2,2)  20 ]  | det=1? true
[75] 14 20 -8 -3 -2 2  |  [ 14  (-8,-3,-2,2) ; (-6,3,2,-2)  20 ]  | det=1? true
[76] 18 20 -2 0 -3 -2  |  [ 18  (-2,0,-3,-2) ; (-4,0,3,2)  20 ]  | det=1? true
[77] 18 20 -4 0 -3 2  |  [ 18  (-4,0,-3,2) ; (-2,0,3,-2)  20 ]  | det=1? true
[78] 19 20 -4 0 -2 -3  |  [ 19  (-4,0,-2,-3) ; (-7,0,2,3)  20 ]  | det=1? true
[79] 20 20 -5 -2 -2 -3  |  [ 20  (-5,-2,-2,-3) ; (-8,2,2,3)  20 ]  | det=1? true
[80] 20 20 -8 -2 -2 3  |  [ 20  (-8,-2,-2,3) ; (-5,2,2,-3)  20 ]  | det=1? true
[81] 11 20 -1 0 -2 -2  |  [ 11  (-1,0,-2,-2) ; (-3,0,2,2)  20 ]  | det=1? true
[82] 11 20 -3 0 -2 2  |  [ 11  (-3,0,-2,2) ; (-1,0,2,-2)  20 ]  | det=1? true
[83] 19 20 -7 0 -2 3  |  [ 19  (-7,0,-2,3) ; (-4,0,2,-3)  20 ]  | det=1? true
[84] 19 20 -4 -1 -3 -2  |  [ 19  (-4,-1,-3,-2) ; (-6,1,3,2)  20 ]  | det=1? true
[85] 19 20 -6 -1 -3 2  |  [ 19  (-6,-1,-3,2) ; (-4,1,3,-2)  20 ]  | det=1? true
[86] 3 19 -1 0 -1 -1  |  [ 3  (-1,0,-1,-1) ; (-2,0,1,1)  19 ]  | det=1? true
[87] 3 19 -2 0 -1 1  |  [ 3  (-2,0,-1,1) ; (-1,0,1,-1)  19 ]  | det=1? true
[88] 12 19 -2 -1 -2 -2  |  [ 12  (-2,-1,-2,-2) ; (-4,1,2,2)  19 ]  | det=1? true
[89] 12 19 -4 -1 -2 2  |  [ 12  (-4,-1,-2,2) ; (-2,1,2,-2)  19 ]  | det=1? true
[90] 17 19 -6 -2 -3 -1  |  [ 17  (-6,-2,-3,-1) ; (-7,2,3,1)  19 ]  | det=1? true
[91] 17 19 -7 -2 -3 1  |  [ 17  (-7,-2,-3,1) ; (-6,2,3,-1)  19 ]  | det=1? true
[92] 17 19 -5 -3 -1 -3  |  [ 17  (-5,-3,-1,-3) ; (-8,3,1,3)  19 ]  | det=1? true
[93] 17 19 -8 -3 -1 3  |  [ 17  (-8,-3,-1,3) ; (-5,3,1,-3)  19 ]  | det=1? true
[94] 19 19 -8 -3 -3 -1  |  [ 19  (-8,-3,-3,-1) ; (-9,3,3,1)  19 ]  | det=1? true
[95] 19 19 -9 -3 -3 1  |  [ 19  (-9,-3,-3,1) ; (-8,3,3,-1)  19 ]  | det=1? true
[96] 12 20 -4 1 -2 -2  |  [ 12  (-4,1,-2,-2) ; (-6,-1,2,2)  20 ]  | det=1? true
[97] 12 20 -6 1 -2 2  |  [ 12  (-6,1,-2,2) ; (-4,-1,2,-2)  20 ]  | det=1? true
[98] 12 20 -3 -2 -2 -2  |  [ 12  (-3,-2,-2,-2) ; (-5,2,2,2)  20 ]  | det=1? true
[99] 12 20 -5 -2 -2 2  |  [ 12  (-5,-2,-2,2) ; (-3,2,2,-2)  20 ]  | det=1? true
[100] 20 20 -6 0 -3 -2  |  [ 20  (-6,0,-3,-2) ; (-8,0,3,2)  20 ]  | det=1? true
[101] 20 20 -8 0 -3 2  |  [ 20  (-8,0,-3,2) ; (-6,0,3,-2)  20 ]  | det=1? true
[102] 19 19 -9 0 -3 -1  |  [ 19  (-9,0,-3,-1) ; (-10,0,3,1)  19 ]  | det=1? true
[103] 19 19 -2 1 -2 -3  |  [ 19  (-2,1,-2,-3) ; (-5,-1,2,3)  19 ]  | det=1? true
[104] 19 19 -5 1 -2 3  |  [ 19  (-5,1,-2,3) ; (-2,-1,2,-3)  19 ]  | det=1? true
[105] 21 21 -6 -5 -2 -3  |  [ 21  (-6,-5,-2,-3) ; (-9,5,2,3)  21 ]  | det=1? true
[106] 21 21 -9 -5 -2 3  |  [ 21  (-9,-5,-2,3) ; (-6,5,2,-3)  21 ]  | det=1? true
[107] 20 22 -6 -5 -3 -2  |  [ 20  (-6,-5,-3,-2) ; (-8,5,3,2)  22 ]  | det=1? true
[108] 20 22 -8 -5 -3 2  |  [ 20  (-8,-5,-3,2) ; (-6,5,3,-2)  22 ]  | det=1? true
[109] 22 22 -9 -4 -2 -3  |  [ 22  (-9,-4,-2,-3) ; (-12,4,2,3)  22 ]  | det=1? true
[110] 22 22 -12 -4 -2 3  |  [ 22  (-12,-4,-2,3) ; (-9,4,2,-3)  22 ]  | det=1? true
[111] 7 21 -3 1 -2 -1  |  [ 7  (-3,1,-2,-1) ; (-4,-1,2,1)  21 ]  | det=1? true
[112] 7 21 -4 1 -2 1  |  [ 7  (-4,1,-2,1) ; (-3,-1,2,-1)  21 ]  | det=1? true
[113] 11 21 -3 1 -2 -2  |  [ 11  (-3,1,-2,-2) ; (-5,-1,2,2)  21 ]  | det=1? true
[114] 11 21 -5 1 -2 2  |  [ 11  (-5,1,-2,2) ; (-3,-1,2,-2)  21 ]  | det=1? true
[115] 13 21 -1 0 -3 -1  |  [ 13  (-1,0,-3,-1) ; (-2,0,3,1)  21 ]  | det=1? true
[116] 13 21 -2 0 -3 1  |  [ 13  (-2,0,-3,1) ; (-1,0,3,-1)  21 ]  | det=1? true
[117] 22 22 -2 -3 -1 -4  |  [ 22  (-2,-3,-1,-4) ; (-6,3,1,4)  22 ]  | det=1? true
[118] 22 22 -6 -3 -1 4  |  [ 22  (-6,-3,-1,4) ; (-2,3,1,-4)  22 ]  | det=1? true
[119] 16 22 0 0 -2 -3  |  [ 16  (0,0,-2,-3) ; (-3,0,2,3)  22 ]  | det=1? true
[120] 16 22 -3 0 -2 3  |  [ 16  (-3,0,-2,3) ; (0,0,2,-3)  22 ]  | det=1? true
[121] 19 22 -6 -3 -3 -2  |  [ 19  (-6,-3,-3,-2) ; (-8,3,3,2)  22 ]  | det=1? true
[122] 19 22 -8 -3 -3 2  |  [ 19  (-8,-3,-3,2) ; (-6,3,3,-2)  22 ]  | det=1? true
[123] 6 21 -3 -2 -2 0  |  [ 6  (-3,-2,-2,0) ; (-3,2,2,0)  21 ]  | det=1? true
[124] 18 21 -3 -2 -2 -3  |  [ 18  (-3,-2,-2,-3) ; (-6,2,2,3)  21 ]  | det=1? true
[125] 18 21 -6 -2 -2 3  |  [ 18  (-6,-2,-2,3) ; (-3,2,2,-3)  21 ]  | det=1? true
[126] 10 24 -4 1 -2 -2  |  [ 10  (-4,1,-2,-2) ; (-6,-1,2,2)  24 ]  | det=1? true
[127] 10 24 -6 1 -2 2  |  [ 10  (-6,1,-2,2) ; (-4,-1,2,-2)  24 ]  | det=1? true
[128] 13 23 -5 1 -3 -1  |  [ 13  (-5,1,-3,-1) ; (-6,-1,3,1)  23 ]  | det=1? true
[129] 13 23 -6 1 -3 1  |  [ 13  (-6,1,-3,1) ; (-5,-1,3,-1)  23 ]  | det=1? true
[130] 15 23 -6 -4 -1 -3  |  [ 15  (-6,-4,-1,-3) ; (-9,4,1,3)  23 ]  | det=1? true
[131] 15 23 -9 -4 -1 3  |  [ 15  (-9,-4,-1,3) ; (-6,4,1,-3)  23 ]  | det=1? true
[132] 17 23 -5 1 -2 -3  |  [ 17  (-5,1,-2,-3) ; (-8,-1,2,3)  23 ]  | det=1? true
[133] 17 23 -8 1 -2 3  |  [ 17  (-8,1,-2,3) ; (-5,-1,2,-3)  23 ]  | det=1? true
[134] 21 23 1 1 -3 -3  |  [ 21  (1,1,-3,-3) ; (-2,-1,3,3)  23 ]  | det=1? true
[135] 18 24 -8 0 -3 -2  |  [ 18  (-8,0,-3,-2) ; (-10,0,3,2)  24 ]  | det=1? true
[136] 24 24 -6 -7 -1 -4  |  [ 24  (-6,-7,-1,-4) ; (-10,7,1,4)  24 ]  | det=1? true
[137] 24 24 -10 -7 -1 4  |  [ 24  (-10,-7,-1,4) ; (-6,7,1,-4)  24 ]  | det=1? true
[138] 20 23 -8 -4 -3 -2  |  [ 20  (-8,-4,-3,-2) ; (-10,4,3,2)  23 ]  | det=1? true
[139] 23 23 -8 1 -4 -1  |  [ 23  (-8,1,-4,-1) ; (-9,-1,4,1)  23 ]  | det=1? true
[140] 23 23 -9 1 -4 1  |  [ 23  (-9,1,-4,1) ; (-8,-1,4,-1)  23 ]  | det=1? true
[141] 15 24 -2 0 -3 -2  |  [ 15  (-2,0,-3,-2) ; (-4,0,3,2)  24 ]  | det=1? true
[142] 15 24 -4 0 -3 2  |  [ 15  (-4,0,-3,2) ; (-2,0,3,-2)  24 ]  | det=1? true
[143] 20 24 -4 0 -4 -1  |  [ 20  (-4,0,-4,-1) ; (-5,0,4,1)  24 ]  | det=1? true
[144] 20 24 -5 0 -4 1  |  [ 20  (-5,0,-4,1) ; (-4,0,4,-1)  24 ]  | det=1? true
[145] 22 24 -8 2 -4 -1  |  [ 22  (-8,2,-4,-1) ; (-9,-2,4,1)  24 ]  | det=1? true
[146] 22 24 -9 2 -4 1  |  [ 22  (-9,2,-4,1) ; (-8,-2,4,-1)  24 ]  | det=1? true
[147] 24 24 -8 -4 -1 -4  |  [ 24  (-8,-4,-1,-4) ; (-12,4,1,4)  24 ]  | det=1? true
[148] 24 24 -12 -4 -1 4  |  [ 24  (-12,-4,-1,4) ; (-8,4,1,-4)  24 ]  | det=1? true
[149] 24 24 -5 0 -4 -2  |  [ 24  (-5,0,-4,-2) ; (-7,0,4,2)  24 ]  | det=1? true
[150] 24 24 -7 0 -4 2  |  [ 24  (-7,0,-4,2) ; (-5,0,4,-2)  24 ]  | det=1? true
[151] 12 23 -5 -4 -2 -2  |  [ 12  (-5,-4,-2,-2) ; (-7,4,2,2)  23 ]  | det=1? true
[152] 15 23 -7 -3 -3 -1  |  [ 15  (-7,-3,-3,-1) ; (-8,3,3,1)  23 ]  | det=1? true
[153] 15 23 -8 -3 -3 1  |  [ 15  (-8,-3,-3,1) ; (-7,3,3,-1)  23 ]  | det=1? true
[154] 18 23 -6 -2 -2 -3  |  [ 18  (-6,-2,-2,-3) ; (-9,2,2,3)  23 ]  | det=1? true
[155] 18 23 -9 -2 -2 3  |  [ 18  (-9,-2,-2,3) ; (-6,2,2,-3)  23 ]  | det=1? true
[156] 19 23 -7 -3 -2 -3  |  [ 19  (-7,-3,-2,-3) ; (-10,3,2,3)  23 ]  | det=1? true
[157] 19 23 -10 -3 -2 3  |  [ 19  (-10,-3,-2,3) ; (-7,3,2,-3)  23 ]  | det=1? true
[158] 22 24 -7 -2 -4 -1  |  [ 22  (-7,-2,-4,-1) ; (-8,2,4,1)  24 ]  | det=1? true
[159] 22 24 -8 -2 -4 1  |  [ 22  (-8,-2,-4,1) ; (-7,2,4,-1)  24 ]  | det=1? true
[160] 23 24 -3 2 -4 -2  |  [ 23  (-3,2,-4,-2) ; (-5,-2,4,2)  24 ]  | det=1? true
[161] 23 24 -5 2 -4 2  |  [ 23  (-5,2,-4,2) ; (-3,-2,4,-2)  24 ]  | det=1? true
[162] 21 23 -3 -1 -1 -4  |  [ 21  (-3,-1,-1,-4) ; (-7,1,1,4)  23 ]  | det=1? true
[163] 21 23 -7 -1 -1 4  |  [ 21  (-7,-1,-1,4) ; (-3,1,1,-4)  23 ]  | det=1? true
[164] 21 24 -4 -3 -1 -4  |  [ 21  (-4,-3,-1,-4) ; (-8,3,1,4)  24 ]  | det=1? true
[165] 21 24 -8 -3 -1 4  |  [ 21  (-8,-3,-1,4) ; (-4,3,1,-4)  24 ]  | det=1? true
[166] 22 26 -4 1 -2 -4  |  [ 22  (-4,1,-2,-4) ; (-8,-1,2,4)  26 ]  | det=1? true
[167] 22 26 -8 1 -2 4  |  [ 22  (-8,1,-2,4) ; (-4,-1,2,-4)  26 ]  | det=1? true
[168] 22 25 -10 -5 -1 4  |  [ 22  (-10,-5,-1,4) ; (-6,5,1,-4)  25 ]  | det=1? true
[169] 25 25 -7 -3 -4 -2  |  [ 25  (-7,-3,-4,-2) ; (-9,3,4,2)  25 ]  | det=1? true
[170] 25 25 -9 -3 -4 2  |  [ 25  (-9,-3,-4,2) ; (-7,3,4,-2)  25 ]  | det=1? true
[171] 25 25 -6 -4 -2 -4  |  [ 25  (-6,-4,-2,-4) ; (-10,4,2,4)  25 ]  | det=1? true
[172] 25 25 -10 -4 -2 4  |  [ 25  (-10,-4,-2,4) ; (-6,4,2,-4)  25 ]  | det=1? true
[173] 20 26 -8 -8 -2 -3  |  [ 20  (-8,-8,-2,-3) ; (-11,8,2,3)  26 ]  | det=1? true
[174] 20 26 -11 -8 -2 3  |  [ 20  (-11,-8,-2,3) ; (-8,8,2,-3)  26 ]  | det=1? true
[175] 21 26 -2 1 -4 -2  |  [ 21  (-2,1,-4,-2) ; (-4,-1,4,2)  26 ]  | det=1? true
[176] 21 26 -4 1 -4 2  |  [ 21  (-4,1,-4,2) ; (-2,-1,4,-2)  26 ]  | det=1? true
[177] 11 25 -2 1 -3 -1  |  [ 11  (-2,1,-3,-1) ; (-3,-1,3,1)  25 ]  | det=1? true
[178] 11 25 -3 1 -3 1  |  [ 11  (-3,1,-3,1) ; (-2,-1,3,-1)  25 ]  | det=1? true
[179] 14 25 0 1 -3 -2  |  [ 14  (0,1,-3,-2) ; (-2,-1,3,2)  25 ]  | det=1? true
[180] 14 25 -2 1 -3 2  |  [ 14  (-2,1,-3,2) ; (0,-1,3,-2)  25 ]  | det=1? true
[181] 17 25 -7 -2 -3 -2  |  [ 17  (-7,-2,-3,-2) ; (-9,2,3,2)  25 ]  | det=1? true
[182] 21 25 -5 -4 -1 -4  |  [ 21  (-5,-4,-1,-4) ; (-9,4,1,4)  25 ]  | det=1? true
[183] 22 25 -6 -5 -1 -4  |  [ 22  (-6,-5,-1,-4) ; (-10,5,1,4)  25 ]  | det=1? true
[184] 18 26 -3 2 -4 -1  |  [ 18  (-3,2,-4,-1) ; (-4,-2,4,1)  26 ]  | det=1? true
[185] 18 26 -4 2 -4 1  |  [ 18  (-4,2,-4,1) ; (-3,-2,4,-1)  26 ]  | det=1? true
[186] 24 26 -11 -4 -4 -1  |  [ 24  (-11,-4,-4,-1) ; (-12,4,4,1)  26 ]  | det=1? true
[187] 24 26 -12 -4 -4 1  |  [ 24  (-12,-4,-4,1) ; (-11,4,4,-1)  26 ]  | det=1? true
[188] 26 26 -13 -6 -4 1  |  [ 26  (-13,-6,-4,1) ; (-12,6,4,-1)  26 ]  | det=1? true
[189] 11 25 -1 0 -1 -3  |  [ 11  (-1,0,-1,-3) ; (-4,0,1,3)  25 ]  | det=1? true
[190] 11 25 -4 0 -1 3  |  [ 11  (-4,0,-1,3) ; (-1,0,1,-3)  25 ]  | det=1? true
[191] 16 25 -5 -2 -2 -3  |  [ 16  (-5,-2,-2,-3) ; (-8,2,2,3)  25 ]  | det=1? true
[192] 16 25 -8 -2 -2 3  |  [ 16  (-8,-2,-2,3) ; (-5,2,2,-3)  25 ]  | det=1? true
[193] 23 25 -10 -1 -4 -1  |  [ 23  (-10,-1,-4,-1) ; (-11,1,4,1)  25 ]  | det=1? true
[194] 23 26 -8 -6 -1 -4  |  [ 23  (-8,-6,-1,-4) ; (-12,6,1,4)  26 ]  | det=1? true
[195] 23 26 -12 -6 -1 4  |  [ 23  (-12,-6,-1,4) ; (-8,6,1,-4)  26 ]  | det=1? true
[196] 19 25 -8 -5 -2 -3  |  [ 19  (-8,-5,-2,-3) ; (-11,5,2,3)  25 ]  | det=1? true
[197] 19 25 -11 -5 -2 3  |  [ 19  (-11,-5,-2,3) ; (-8,5,2,-3)  25 ]  | det=1? true
[198] 21 25 -9 -4 -1 4  |  [ 21  (-9,-4,-1,4) ; (-5,4,1,-4)  25 ]  | det=1? true
[199] 22 25 -9 0 -4 -1  |  [ 22  (-9,0,-4,-1) ; (-10,0,4,1)  25 ]  | det=1? true
[200] 26 26 -12 -6 -4 -1  |  [ 26  (-12,-6,-4,-1) ; (-13,6,4,1)  26 ]  | det=1? true
[201] 18 25 -8 -3 -3 -2  |  [ 18  (-8,-3,-3,-2) ; (-10,3,3,2)  25 ]  | det=1? true
[202] 21 26 -1 0 -2 -4  |  [ 21  (-1,0,-2,-4) ; (-5,0,2,4)  26 ]  | det=1? true
[203] 21 26 -5 0 -2 4  |  [ 21  (-5,0,-2,4) ; (-1,0,2,-4)  26 ]  | det=1? true
[204] 17 25 -7 -1 -2 -3  |  [ 17  (-7,-1,-2,-3) ; (-10,1,2,3)  25 ]  | det=1? true
[205] 26 26 0 0 -3 -4  |  [ 26  (0,0,-3,-4) ; (-4,0,3,4)  26 ]  | det=1? true
[206] 26 26 -4 0 -3 4  |  [ 26  (-4,0,-3,4) ; (0,0,3,-4)  26 ]  | det=1? true
[207] 19 27 -8 1 -4 1  |  [ 19  (-8,1,-4,1) ; (-7,-1,4,-1)  27 ]  | det=1? true
[208] 20 27 -6 -4 -1 -4  |  [ 20  (-6,-4,-1,-4) ; (-10,4,1,4)  27 ]  | det=1? true
[209] 15 27 -6 1 -2 -3  |  [ 15  (-6,1,-2,-3) ; (-9,-1,2,3)  27 ]  | det=1? true
[210] 15 27 -9 1 -2 3  |  [ 15  (-9,1,-2,3) ; (-6,-1,2,-3)  27 ]  | det=1? true
[211] 19 27 -7 1 -4 -1  |  [ 19  (-7,1,-4,-1) ; (-8,-1,4,1)  27 ]  | det=1? true
[212] 22 27 -9 -2 -2 4  |  [ 22  (-9,-2,-2,4) ; (-5,2,2,-4)  27 ]  | det=1? true
[213] 23 27 -7 -1 -2 -4  |  [ 23  (-7,-1,-2,-4) ; (-11,1,2,4)  27 ]  | det=1? true
[214] 19 28 -6 -3 -1 -4  |  [ 19  (-6,-3,-1,-4) ; (-10,3,1,4)  28 ]  | det=1? true
[215] 19 28 -10 -3 -1 4  |  [ 19  (-10,-3,-1,4) ; (-6,3,1,-4)  28 ]  | det=1? true
[216] 26 28 -8 -2 -4 3  |  [ 26  (-8,-2,-4,3) ; (-5,2,4,-3)  28 ]  | det=1? true
[217] 28 28 -12 0 -4 3  |  [ 28  (-12,0,-4,3) ; (-9,0,4,-3)  28 ]  | det=1? true
[218] 18 27 -8 -6 -3 -2  |  [ 18  (-8,-6,-3,-2) ; (-10,6,3,2)  27 ]  | det=1? true
[219] 18 27 -10 -6 -3 2  |  [ 18  (-10,-6,-3,2) ; (-8,6,3,-2)  27 ]  | det=1? true
[220] 20 27 -1 2 -4 -2  |  [ 20  (-1,2,-4,-2) ; (-3,-2,4,2)  27 ]  | det=1? true
[221] 20 27 -3 2 -4 2  |  [ 20  (-3,2,-4,2) ; (-1,-2,4,-2)  27 ]  | det=1? true
[222] 22 27 -5 -2 -2 -4  |  [ 22  (-5,-2,-2,-4) ; (-9,2,2,4)  27 ]  | det=1? true
[223] 27 27 -14 -1 -3 -3  |  [ 27  (-14,-1,-3,-3) ; (-17,1,3,3)  27 ]  | det=1? true
[224] 27 27 -17 -1 -3 3  |  [ 27  (-17,-1,-3,3) ; (-14,1,3,-3)  27 ]  | det=1? true
[225] 27 27 -11 -5 -4 -2  |  [ 27  (-11,-5,-4,-2) ; (-13,5,4,2)  27 ]  | det=1? true
[226] 27 27 -13 -5 -4 2  |  [ 27  (-13,-5,-4,2) ; (-11,5,4,-2)  27 ]  | det=1? true
[227] 27 27 -10 -6 -2 -4  |  [ 27  (-10,-6,-2,-4) ; (-14,6,2,4)  27 ]  | det=1? true
[228] 27 27 -14 -6 -2 4  |  [ 27  (-14,-6,-2,4) ; (-10,6,2,-4)  27 ]  | det=1? true
[229] 14 28 -5 0 -2 -3  |  [ 14  (-5,0,-2,-3) ; (-8,0,2,3)  28 ]  | det=1? true
[230] 18 28 -4 -3 -1 -4  |  [ 18  (-4,-3,-1,-4) ; (-8,3,1,4)  28 ]  | det=1? true
[231] 18 28 -8 -3 -1 4  |  [ 18  (-8,-3,-1,4) ; (-4,3,1,-4)  28 ]  | det=1? true
[232] 19 28 -8 0 -4 -1  |  [ 19  (-8,0,-4,-1) ; (-9,0,4,1)  28 ]  | det=1? true
[233] 19 28 -9 0 -4 1  |  [ 19  (-9,0,-4,1) ; (-8,0,4,-1)  28 ]  | det=1? true
[234] 22 28 -6 -3 -2 -4  |  [ 22  (-6,-3,-2,-4) ; (-10,3,2,4)  28 ]  | det=1? true
[235] 22 28 -10 -3 -2 4  |  [ 22  (-10,-3,-2,4) ; (-6,3,2,-4)  28 ]  | det=1? true
[236] 24 28 -10 -8 -1 -4  |  [ 24  (-10,-8,-1,-4) ; (-14,8,1,4)  28 ]  | det=1? true
[237] 24 28 -14 -8 -1 4  |  [ 24  (-14,-8,-1,4) ; (-10,8,1,-4)  28 ]  | det=1? true
[238] 24 28 -9 -4 -4 -2  |  [ 24  (-9,-4,-4,-2) ; (-11,4,4,2)  28 ]  | det=1? true
[239] 24 28 -11 -4 -4 2  |  [ 24  (-11,-4,-4,2) ; (-9,4,4,-2)  28 ]  | det=1? true
[240] 24 28 -8 -5 -2 -4  |  [ 24  (-8,-5,-2,-4) ; (-12,5,2,4)  28 ]  | det=1? true
[241] 24 28 -12 -5 -2 4  |  [ 24  (-12,-5,-2,4) ; (-8,5,2,-4)  28 ]  | det=1? true
[242] 26 28 -5 -2 -4 -3  |  [ 26  (-5,-2,-4,-3) ; (-8,2,4,3)  28 ]  | det=1? true
[243] 18 27 -5 2 -4 -1  |  [ 18  (-5,2,-4,-1) ; (-6,-2,4,1)  27 ]  | det=1? true
[244] 18 27 -6 2 -4 1  |  [ 18  (-6,2,-4,1) ; (-5,-2,4,-1)  27 ]  | det=1? true
[245] 27 27 -2 -3 -1 -5  |  [ 27  (-2,-3,-1,-5) ; (-7,3,1,5)  27 ]  | det=1? true
[246] 28 28 -9 0 -4 -3  |  [ 28  (-9,0,-4,-3) ; (-12,0,4,3)  28 ]  | det=1? true
[247] 21 27 -7 -5 -1 -4  |  [ 21  (-7,-5,-1,-4) ; (-11,5,1,4)  27 ]  | det=1? true
[248] 27 27 -3 -1 -1 -5  |  [ 27  (-3,-1,-1,-5) ; (-8,1,1,5)  27 ]  | det=1? true
[249] 27 27 -8 -1 -1 5  |  [ 27  (-8,-1,-1,5) ; (-3,1,1,-5)  27 ]  | det=1? true
[250] 21 28 -4 -3 -2 -4  |  [ 21  (-4,-3,-2,-4) ; (-8,3,2,4)  28 ]  | det=1? true
[251] 21 28 -8 -3 -2 4  |  [ 21  (-8,-3,-2,4) ; (-4,3,2,-4)  28 ]  | det=1? true
[252] 28 28 -12 -11 -1 -4  |  [ 28  (-12,-11,-1,-4) ; (-16,11,1,4)  28 ]  | det=1? true
[253] 28 28 -16 -11 -1 4  |  [ 28  (-16,-11,-1,4) ; (-12,11,1,-4)  28 ]  | det=1? true
[254] 14 27 -3 -2 -2 -3  |  [ 14  (-3,-2,-2,-3) ; (-6,2,2,3)  27 ]  | det=1? true
[255] 14 27 -6 -2 -2 3  |  [ 14  (-6,-2,-2,3) ; (-3,2,2,-3)  27 ]  | det=1? true
[256] 17 27 -1 1 -4 -1  |  [ 17  (-1,1,-4,-1) ; (-2,-1,4,1)  27 ]  | det=1? true
[257] 17 27 -2 1 -4 1  |  [ 17  (-2,1,-4,1) ; (-1,-1,4,-1)  27 ]  | det=1? true
[258] 13 28 -2 -1 -3 -2  |  [ 13  (-2,-1,-3,-2) ; (-4,1,3,2)  28 ]  | det=1? true
[259] 13 28 -4 -1 -3 2  |  [ 13  (-4,-1,-3,2) ; (-2,1,3,-2)  28 ]  | det=1? true
[260] 4 28 -2 1 -2 0  |  [ 4  (-2,1,-2,0) ; (-2,-1,2,0)  28 ]  | det=1? true
[261] 8 28 -2 1 -2 -2  |  [ 8  (-2,1,-2,-2) ; (-4,-1,2,2)  28 ]  | det=1? true
[262] 8 28 -4 1 -2 2  |  [ 8  (-4,1,-2,2) ; (-2,-1,2,-2)  28 ]  | det=1? true
[263] 8 27 0 1 -2 -2  |  [ 8  (0,1,-2,-2) ; (-2,-1,2,2)  27 ]  | det=1? true
[264] 8 27 -2 1 -2 2  |  [ 8  (-2,1,-2,2) ; (0,-1,2,-2)  27 ]  | det=1? true
[265] 27 27 -4 -1 -5 -1  |  [ 27  (-4,-1,-5,-1) ; (-5,1,5,1)  27 ]  | det=1? true
[266] 17 28 -4 2 -4 -1  |  [ 17  (-4,2,-4,-1) ; (-5,-2,4,1)  28 ]  | det=1? true
[267] 17 28 -5 2 -4 1  |  [ 17  (-5,2,-4,1) ; (-4,-2,4,-1)  28 ]  | det=1? true
[268] 13 27 0 1 -2 -3  |  [ 13  (0,1,-2,-3) ; (-3,-1,2,3)  27 ]  | det=1? true
[269] 13 27 -3 1 -2 3  |  [ 13  (-3,1,-2,3) ; (0,-1,2,-3)  27 ]  | det=1? true
[270] 20 27 0 1 -2 -4  |  [ 20  (0,1,-2,-4) ; (-4,-1,2,4)  27 ]  | det=1? true
[271] 20 27 -4 1 -2 4  |  [ 20  (-4,1,-2,4) ; (0,-1,2,-4)  27 ]  | det=1? true
[272] 5 27 0 1 -2 -1  |  [ 5  (0,1,-2,-1) ; (-1,-1,2,1)  27 ]  | det=1? true
[273] 5 27 -1 1 -2 1  |  [ 5  (-1,1,-2,1) ; (0,-1,2,-1)  27 ]  | det=1? true
[274] 25 28 -4 2 -4 -3  |  [ 25  (-4,2,-4,-3) ; (-7,-2,4,3)  28 ]  | det=1? true
[275] 19 30 -4 -1 -4 -2  |  [ 19  (-4,-1,-4,-2) ; (-6,1,4,2)  30 ]  | det=1? true
[276] 19 30 -6 -1 -4 2  |  [ 19  (-6,-1,-4,2) ; (-4,1,4,-2)  30 ]  | det=1? true
[277] 21 29 -7 -8 -1 -4  |  [ 21  (-7,-8,-1,-4) ; (-11,8,1,4)  29 ]  | det=1? true
[278] 21 29 -11 -8 -1 4  |  [ 21  (-11,-8,-1,4) ; (-7,8,1,-4)  29 ]  | det=1? true
[279] 29 29 -11 -1 -5 -1  |  [ 29  (-11,-1,-5,-1) ; (-12,1,5,1)  29 ]  | det=1? true
[280] 29 29 -12 -1 -5 1  |  [ 29  (-12,-1,-5,1) ; (-11,1,5,-1)  29 ]  | det=1? true
[281] 23 30 -3 2 -4 -3  |  [ 23  (-3,2,-4,-3) ; (-6,-2,4,3)  30 ]  | det=1? true
[282] 23 30 -6 2 -4 3  |  [ 23  (-6,2,-4,3) ; (-3,-2,4,-3)  30 ]  | det=1? true
[283] 18 29 -6 -1 -1 -4  |  [ 18  (-6,-1,-1,-4) ; (-10,1,1,4)  29 ]  | det=1? true
[284] 18 29 -10 -1 -1 4  |  [ 18  (-10,-1,-1,4) ; (-6,1,1,-4)  29 ]  | det=1? true
[285] 23 29 -9 -9 -1 -4  |  [ 23  (-9,-9,-1,-4) ; (-13,9,1,4)  29 ]  | det=1? true
[286] 23 29 -13 -9 -1 4  |  [ 23  (-13,-9,-1,4) ; (-9,9,1,-4)  29 ]  | det=1? true
[287] 25 29 -5 -1 -3 -4  |  [ 25  (-5,-1,-3,-4) ; (-9,1,3,4)  29 ]  | det=1? true
[288] 25 29 -9 -1 -3 4  |  [ 25  (-9,-1,-3,4) ; (-5,1,3,-4)  29 ]  | det=1? true
[289] 26 30 -9 2 -4 -3  |  [ 26  (-9,2,-4,-3) ; (-12,-2,4,3)  30 ]  | det=1? true
[290] 26 30 -12 2 -4 3  |  [ 26  (-12,2,-4,3) ; (-9,-2,4,-3)  30 ]  | det=1? true
[291] 29 30 -8 -1 -5 -2  |  [ 29  (-8,-1,-5,-2) ; (-10,1,5,2)  30 ]  | det=1? true
[292] 29 30 -10 -1 -5 2  |  [ 29  (-10,-1,-5,2) ; (-8,1,5,-2)  30 ]  | det=1? true
[293] 17 29 -3 -3 -1 -4  |  [ 17  (-3,-3,-1,-4) ; (-7,3,1,4)  29 ]  | det=1? true
[294] 17 29 -7 -3 -1 4  |  [ 17  (-7,-3,-1,4) ; (-3,3,1,-4)  29 ]  | det=1? true
[295] 21 29 -6 -2 -2 -4  |  [ 21  (-6,-2,-2,-4) ; (-10,2,2,4)  29 ]  | det=1? true
[296] 21 29 -10 -2 -2 4  |  [ 21  (-10,-2,-2,4) ; (-6,2,2,-4)  29 ]  | det=1? true
[297] 24 29 -11 -2 -4 -2  |  [ 24  (-11,-2,-4,-2) ; (-13,2,4,2)  29 ]  | det=1? true
[298] 24 29 -13 -2 -4 2  |  [ 24  (-13,-2,-4,2) ; (-11,2,4,-2)  29 ]  | det=1? true
[299] 26 29 -12 -5 -4 -2  |  [ 26  (-12,-5,-4,-2) ; (-14,5,4,2)  29 ]  | det=1? true
[300] 26 29 -14 -5 -4 2  |  [ 26  (-14,-5,-4,2) ; (-12,5,4,-2)  29 ]  | det=1? true
[301] 28 29 -8 -5 -3 -4  |  [ 28  (-8,-5,-3,-4) ; (-12,5,3,4)  29 ]  | det=1? true
[302] 28 29 -12 -5 -3 4  |  [ 28  (-12,-5,-3,4) ; (-8,5,3,-4)  29 ]  | det=1? true
[303] 12 30 -2 0 -3 -2  |  [ 12  (-2,0,-3,-2) ; (-4,0,3,2)  30 ]  | det=1? true
[304] 29 30 -10 -6 -3 -4  |  [ 29  (-10,-6,-3,-4) ; (-14,6,3,4)  30 ]  | det=1? true
[305] 29 30 -14 -6 -3 4  |  [ 29  (-14,-6,-3,4) ; (-10,6,3,-4)  30 ]  | det=1? true
[306] 27 29 -7 -3 -5 -1  |  [ 27  (-7,-3,-5,-1) ; (-8,3,5,1)  29 ]  | det=1? true
[307] 27 29 -8 -3 -5 1  |  [ 27  (-8,-3,-5,1) ; (-7,3,5,-1)  29 ]  | det=1? true
[308] 19 30 -3 -2 -2 -4  |  [ 19  (-3,-2,-2,-4) ; (-7,2,2,4)  30 ]  | det=1? true
[309] 19 30 -7 -2 -2 4  |  [ 19  (-7,-2,-2,4) ; (-3,2,2,-4)  30 ]  | det=1? true
[310] 21 30 -10 -6 -4 -1  |  [ 21  (-10,-6,-4,-1) ; (-11,6,4,1)  30 ]  | det=1? true
[311] 21 30 -11 -6 -4 1  |  [ 21  (-11,-6,-4,1) ; (-10,6,4,-1)  30 ]  | det=1? true
[312] 21 29 -7 -1 -4 -2  |  [ 21  (-7,-1,-4,-2) ; (-9,1,4,2)  29 ]  | det=1? true
[313] 20 30 -6 1 -2 -4  |  [ 20  (-6,1,-2,-4) ; (-10,-1,2,4)  30 ]  | det=1? true
[314] 30 30 -8 -4 -5 -2  |  [ 30  (-8,-4,-5,-2) ; (-10,4,5,2)  30 ]  | det=1? true
[315] 27 32 -8 0 -5 -2  |  [ 27  (-8,0,-5,-2) ; (-10,0,5,2)  32 ]  | det=1? true
[316] 27 32 -10 0 -5 2  |  [ 27  (-10,0,-5,2) ; (-8,0,5,-2)  32 ]  | det=1? true
[317] 25 31 -8 0 -5 -1  |  [ 25  (-8,0,-5,-1) ; (-9,0,5,1)  31 ]  | det=1? true
[318] 25 31 -9 0 -5 1  |  [ 25  (-9,0,-5,1) ; (-8,0,5,-1)  31 ]  | det=1? true
[319] 26 31 -7 -6 -4 -3  |  [ 26  (-7,-6,-4,-3) ; (-10,6,4,3)  31 ]  | det=1? true
[320] 27 31 -8 -5 -1 -5  |  [ 27  (-8,-5,-1,-5) ; (-13,5,1,5)  31 ]  | det=1? true
[321] 27 31 -13 -5 -1 5  |  [ 27  (-13,-5,-1,5) ; (-8,5,1,-5)  31 ]  | det=1? true
[322] 31 31 -13 -7 -4 -3  |  [ 31  (-13,-7,-4,-3) ; (-16,7,4,3)  31 ]  | det=1? true
[323] 31 31 -16 -7 -4 3  |  [ 31  (-16,-7,-4,3) ; (-13,7,4,-3)  31 ]  | det=1? true
[324] 16 32 -4 -4 -1 -4  |  [ 16  (-4,-4,-1,-4) ; (-8,4,1,4)  32 ]  | det=1? true
[325] 16 32 -8 -4 -1 4  |  [ 16  (-8,-4,-1,4) ; (-4,4,1,-4)  32 ]  | det=1? true
[326] 25 32 -8 -4 -3 -4  |  [ 25  (-8,-4,-3,-4) ; (-12,4,3,4)  32 ]  | det=1? true
[327] 25 32 -12 -4 -3 4  |  [ 25  (-12,-4,-3,4) ; (-8,4,3,-4)  32 ]  | det=1? true
[328] 26 32 -6 0 -5 -2  |  [ 26  (-6,0,-5,-2) ; (-8,0,5,2)  32 ]  | det=1? true
[329] 26 32 -8 0 -5 2  |  [ 26  (-8,0,-5,2) ; (-6,0,5,-2)  32 ]  | det=1? true
[330] 28 32 -8 -2 -2 -5  |  [ 28  (-8,-2,-2,-5) ; (-13,2,2,5)  32 ]  | det=1? true
[331] 28 32 -13 -2 -2 5  |  [ 28  (-13,-2,-2,5) ; (-8,2,2,-5)  32 ]  | det=1? true
[332] 29 32 -10 -3 -5 -2  |  [ 29  (-10,-3,-5,-2) ; (-12,3,5,2)  32 ]  | det=1? true
[333] 15 31 -1 0 -1 -4  |  [ 15  (-1,0,-1,-4) ; (-5,0,1,4)  31 ]  | det=1? true
[334] 15 31 -5 0 -1 4  |  [ 15  (-5,0,-1,4) ; (-1,0,1,-4)  31 ]  | det=1? true
[335] 22 31 -2 2 -4 -3  |  [ 22  (-2,2,-4,-3) ; (-5,-2,4,3)  31 ]  | det=1? true
[336] 22 31 -5 2 -4 3  |  [ 22  (-5,2,-4,3) ; (-2,-2,4,-3)  31 ]  | det=1? true
[337] 26 31 -2 -2 -2 -5  |  [ 26  (-2,-2,-2,-5) ; (-7,2,2,5)  31 ]  | det=1? true
[338] 26 31 -7 -2 -2 5  |  [ 26  (-7,-2,-2,5) ; (-2,2,2,-5)  31 ]  | det=1? true
[339] 29 31 -13 -2 -5 -1  |  [ 29  (-13,-2,-5,-1) ; (-14,2,5,1)  31 ]  | det=1? true
[340] 31 31 -4 -2 -5 -3  |  [ 31  (-4,-2,-5,-3) ; (-7,2,5,3)  31 ]  | det=1? true
[341] 31 31 -7 -2 -5 3  |  [ 31  (-7,-2,-5,3) ; (-4,2,5,-3)  31 ]  | det=1? true
[342] 21 32 0 2 -4 -3  |  [ 21  (0,2,-4,-3) ; (-3,-2,4,3)  32 ]  | det=1? true
[343] 21 32 -3 2 -4 3  |  [ 21  (-3,2,-4,3) ; (0,-2,4,-3)  32 ]  | det=1? true
[344] 29 32 -12 -3 -5 2  |  [ 29  (-12,-3,-5,2) ; (-10,3,5,-2)  32 ]  | det=1? true
[345] 22 31 -9 -4 -2 -4  |  [ 22  (-9,-4,-2,-4) ; (-13,4,2,4)  31 ]  | det=1? true
[346] 26 31 -10 0 -4 -3  |  [ 26  (-10,0,-4,-3) ; (-13,0,4,3)  31 ]  | det=1? true
[347] 23 32 -10 0 -3 4  |  [ 23  (-10,0,-3,4) ; (-6,0,3,-4)  32 ]  | det=1? true
[348] 28 32 -12 -4 -3 -4  |  [ 28  (-12,-4,-3,-4) ; (-16,4,3,4)  32 ]  | det=1? true
[349] 28 32 -16 -4 -3 4  |  [ 28  (-16,-4,-3,4) ; (-12,4,3,-4)  32 ]  | det=1? true
[350] 25 31 -6 -2 -1 -5  |  [ 25  (-6,-2,-1,-5) ; (-11,2,1,5)  31 ]  | det=1? true
[351] 25 31 -11 -2 -1 5  |  [ 25  (-11,-2,-1,5) ; (-6,2,1,-5)  31 ]  | det=1? true
[352] 25 31 -6 -5 -4 -3  |  [ 25  (-6,-5,-4,-3) ; (-9,5,4,3)  31 ]  | det=1? true
[353] 27 31 -10 -3 -5 -1  |  [ 27  (-10,-3,-5,-1) ; (-11,3,5,1)  31 ]  | det=1? true
[354] 27 31 -11 -3 -5 1  |  [ 27  (-11,-3,-5,1) ; (-10,3,5,-1)  31 ]  | det=1? true
[355] 23 32 -6 0 -3 -4  |  [ 23  (-6,0,-3,-4) ; (-10,0,3,4)  32 ]  | det=1? true
[356] 17 33 -4 2 -4 -2  |  [ 17  (-4,2,-4,-2) ; (-6,-2,4,2)  33 ]  | det=1? true
[357] 17 33 -6 2 -4 2  |  [ 17  (-6,2,-4,2) ; (-4,-2,4,-2)  33 ]  | det=1? true
[358] 31 34 -14 -10 -4 -3  |  [ 31  (-14,-10,-4,-3) ; (-17,10,4,3)  34 ]  | det=1? true
[359] 31 34 -17 -10 -4 3  |  [ 31  (-17,-10,-4,3) ; (-14,10,4,-3)  34 ]  | det=1? true
[360] 24 34 -10 0 -3 -4  |  [ 24  (-10,0,-3,-4) ; (-14,0,3,4)  34 ]  | det=1? true
[361] 24 34 -14 0 -3 4  |  [ 24  (-14,0,-3,4) ; (-10,0,3,-4)  34 ]  | det=1? true
[362] 14 33 0 -1 -1 -4  |  [ 14  (0,-1,-1,-4) ; (-4,1,1,4)  33 ]  | det=1? true
[363] 14 33 -4 -1 -1 4  |  [ 14  (-4,-1,-1,4) ; (0,1,1,-4)  33 ]  | det=1? true
[364] 22 33 -6 2 -4 -3  |  [ 22  (-6,2,-4,-3) ; (-9,-2,4,3)  33 ]  | det=1? true
[365] 22 33 -9 2 -4 3  |  [ 22  (-9,2,-4,3) ; (-6,-2,4,-3)  33 ]  | det=1? true
[366] 23 33 -7 0 -5 -1  |  [ 23  (-7,0,-5,-1) ; (-8,0,5,1)  33 ]  | det=1? true
[367] 23 33 -8 0 -5 1  |  [ 23  (-8,0,-5,1) ; (-7,0,5,-1)  33 ]  | det=1? true
[368] 24 33 -4 0 -5 2  |  [ 24  (-4,0,-5,2) ; (-2,0,5,-2)  33 ]  | det=1? true
[369] 31 33 -11 -7 -2 -5  |  [ 31  (-11,-7,-2,-5) ; (-16,7,2,5)  33 ]  | det=1? true
[370] 11 34 -4 1 -3 -2  |  [ 11  (-4,1,-3,-2) ; (-6,-1,3,2)  34 ]  | det=1? true
[371] 20 34 -4 0 -4 3  |  [ 20  (-4,0,-4,3) ; (-1,0,4,-3)  34 ]  | det=1? true
[372] 33 34 -2 0 -4 -5  |  [ 33  (-2,0,-4,-5) ; (-7,0,4,5)  34 ]  | det=1? true
[373] 33 34 -7 0 -4 5  |  [ 33  (-7,0,-4,5) ; (-2,0,4,-5)  34 ]  | det=1? true
[374] 23 33 -4 -4 -1 -5  |  [ 23  (-4,-4,-1,-5) ; (-9,4,1,5)  33 ]  | det=1? true
[375] 23 33 -9 -4 -1 5  |  [ 23  (-9,-4,-1,5) ; (-4,4,1,-5)  33 ]  | det=1? true
[376] 24 33 -2 0 -5 -2  |  [ 24  (-2,0,-5,-2) ; (-4,0,5,2)  33 ]  | det=1? true
[377] 25 33 -8 -5 -5 -1  |  [ 25  (-8,-5,-5,-1) ; (-9,5,5,1)  33 ]  | det=1? true
[378] 25 33 -9 -5 -5 1  |  [ 25  (-9,-5,-5,1) ; (-8,5,5,-1)  33 ]  | det=1? true
[379] 26 33 -8 2 -5 -2  |  [ 26  (-8,2,-5,-2) ; (-10,-2,5,2)  33 ]  | det=1? true
[380] 31 33 -16 -7 -2 5  |  [ 31  (-16,-7,-2,5) ; (-11,7,2,-5)  33 ]  | det=1? true
[381] 20 34 -1 0 -4 -3  |  [ 20  (-1,0,-4,-3) ; (-4,0,4,3)  34 ]  | det=1? true
[382] 23 34 -8 -2 -3 -4  |  [ 23  (-8,-2,-3,-4) ; (-12,2,3,4)  34 ]  | det=1? true
[383] 28 34 -12 -8 -4 -3  |  [ 28  (-12,-8,-4,-3) ; (-15,8,4,3)  34 ]  | det=1? true
[384] 14 33 -2 2 -4 -1  |  [ 14  (-2,2,-4,-1) ; (-3,-2,4,1)  33 ]  | det=1? true
[385] 14 33 -3 2 -4 1  |  [ 14  (-3,2,-4,1) ; (-2,-2,4,-1)  33 ]  | det=1? true
[386] 25 33 -6 -7 -1 -5  |  [ 25  (-6,-7,-1,-5) ; (-11,7,1,5)  33 ]  | det=1? true
[387] 25 33 -11 -7 -1 5  |  [ 25  (-11,-7,-1,5) ; (-6,7,1,-5)  33 ]  | det=1? true
[388] 31 33 -12 -5 -2 -5  |  [ 31  (-12,-5,-2,-5) ; (-17,5,2,5)  33 ]  | det=1? true
[389] 31 33 -17 -5 -2 5  |  [ 31  (-17,-5,-2,5) ; (-12,5,2,-5)  33 ]  | det=1? true
[390] 32 33 -8 0 -6 1  |  [ 32  (-8,0,-6,1) ; (-7,0,6,-1)  33 ]  | det=1? true
[391] 30 34 -4 0 -6 -1  |  [ 30  (-4,0,-6,-1) ; (-5,0,6,1)  34 ]  | det=1? true
[392] 34 34 -4 -2 -4 -5  |  [ 34  (-4,-2,-4,-5) ; (-9,2,4,5)  34 ]  | det=1? true
[393] 34 34 -9 -2 -4 5  |  [ 34  (-9,-2,-4,5) ; (-4,2,4,-5)  34 ]  | det=1? true
[394] 16 33 -7 -2 -4 -1  |  [ 16  (-7,-2,-4,-1) ; (-8,2,4,1)  33 ]  | det=1? true
[395] 16 33 -8 -2 -4 1  |  [ 16  (-8,-2,-4,1) ; (-7,2,4,-1)  33 ]  | det=1? true
[396] 31 33 -6 -5 -5 -3  |  [ 31  (-6,-5,-5,-3) ; (-9,5,5,3)  33 ]  | det=1? true
[397] 14 34 -4 2 -4 -1  |  [ 14  (-4,2,-4,-1) ; (-5,-2,4,1)  34 ]  | det=1? true
[398] 14 34 -5 2 -4 1  |  [ 14  (-5,2,-4,1) ; (-4,-2,4,-1)  34 ]  | det=1? true
[399] 33 35 -5 1 -4 -5  |  [ 33  (-5,1,-4,-5) ; (-10,-1,4,5)  35 ]  | det=1? true
[400] 24 36 -8 0 -5 -2  |  [ 24  (-8,0,-5,-2) ; (-10,0,5,2)  36 ]  | det=1? true
[401] 32 36 -6 1 -2 -6  |  [ 32  (-6,1,-2,-6) ; (-12,-1,2,6)  36 ]  | det=1? true
[402] 32 36 -12 1 -2 6  |  [ 32  (-12,1,-2,6) ; (-6,-1,2,-6)  36 ]  | det=1? true
[403] 36 36 -14 3 -6 -2  |  [ 36  (-14,3,-6,-2) ; (-16,-3,6,2)  36 ]  | det=1? true
[404] 36 36 -16 3 -6 2  |  [ 36  (-16,3,-6,2) ; (-14,-3,6,-2)  36 ]  | det=1? true
[405] 29 35 -5 1 -6 1  |  [ 29  (-5,1,-6,1) ; (-4,-1,6,-1)  35 ]  | det=1? true
[406] 14 36 -4 -3 -1 -4  |  [ 14  (-4,-3,-1,-4) ; (-8,3,1,4)  36 ]  | det=1? true
[407] 14 36 -8 -3 -1 4  |  [ 14  (-8,-3,-1,4) ; (-4,3,1,-4)  36 ]  | det=1? true
[408] 23 36 -6 1 -5 -2  |  [ 23  (-6,1,-5,-2) ; (-8,-1,5,2)  36 ]  | det=1? true
[409] 25 36 -10 1 -5 -2  |  [ 25  (-10,1,-5,-2) ; (-12,-1,5,2)  36 ]  | det=1? true
[410] 25 36 -12 1 -5 2  |  [ 25  (-12,1,-5,2) ; (-10,-1,5,-2)  36 ]  | det=1? true
[411] 36 36 -9 -8 -2 -6  |  [ 36  (-9,-8,-2,-6) ; (-15,8,2,6)  36 ]  | det=1? true
[412] 36 36 -15 -8 -2 6  |  [ 36  (-15,-8,-2,6) ; (-9,8,2,-6)  36 ]  | det=1? true
[413] 11 35 -3 -3 -2 -3  |  [ 11  (-3,-3,-2,-3) ; (-6,3,2,3)  35 ]  | det=1? true
[414] 11 35 -6 -3 -2 3  |  [ 11  (-6,-3,-2,3) ; (-3,3,2,-3)  35 ]  | det=1? true
[415] 26 35 -9 0 -2 -5  |  [ 26  (-9,0,-2,-5) ; (-14,0,2,5)  35 ]  | det=1? true
[416] 26 35 -14 0 -2 5  |  [ 26  (-14,0,-2,5) ; (-9,0,2,-5)  35 ]  | det=1? true
[417] 34 35 -10 -5 -1 -6  |  [ 34  (-10,-5,-1,-6) ; (-16,5,1,6)  35 ]  | det=1? true
[418] 31 36 -6 1 -5 4  |  [ 31  (-6,1,-5,4) ; (-2,-1,5,-4)  36 ]  | det=1? true
[419] 34 36 -13 0 -6 2  |  [ 34  (-13,0,-6,2) ; (-11,0,6,-2)  36 ]  | det=1? true
[420] 29 35 -4 1 -6 -1  |  [ 29  (-4,1,-6,-1) ; (-5,-1,6,1)  35 ]  | det=1? true
[421] 13 36 -3 2 -4 -1  |  [ 13  (-3,2,-4,-1) ; (-4,-2,4,1)  36 ]  | det=1? true
[422] 13 36 -4 2 -4 1  |  [ 13  (-4,2,-4,1) ; (-3,-2,4,-1)  36 ]  | det=1? true
[423] 33 36 -8 -3 -6 -2  |  [ 33  (-8,-3,-6,-2) ; (-10,3,6,2)  36 ]  | det=1? true
[424] 33 36 -10 -3 -6 2  |  [ 33  (-10,-3,-6,2) ; (-8,3,6,-2)  36 ]  | det=1? true
[425] 34 36 -11 0 -6 -2  |  [ 34  (-11,0,-6,-2) ; (-13,0,6,2)  36 ]  | det=1? true
[426] 36 36 -11 -6 -6 -2  |  [ 36  (-11,-6,-6,-2) ; (-13,6,6,2)  36 ]  | det=1? true
[427] 36 36 -13 -6 -6 2  |  [ 36  (-13,-6,-6,2) ; (-11,6,6,-2)  36 ]  | det=1? true
[428] 31 36 -2 1 -5 -4  |  [ 31  (-2,1,-5,-4) ; (-6,-1,5,4)  36 ]  | det=1? true
[429] 33 36 -6 -5 -2 -6  |  [ 33  (-6,-5,-2,-6) ; (-12,5,2,6)  36 ]  | det=1? true
[430] 25 35 -11 -5 -4 -3  |  [ 25  (-11,-5,-4,-3) ; (-14,5,4,3)  35 ]  | det=1? true
[431] 35 35 -15 -4 -5 -3  |  [ 35  (-15,-4,-5,-3) ; (-18,4,5,3)  35 ]  | det=1? true
[432] 35 35 -18 -4 -5 3  |  [ 35  (-18,-4,-5,3) ; (-15,4,5,-3)  35 ]  | det=1? true
[433] 29 37 -11 0 -5 -3  |  [ 29  (-11,0,-5,-3) ; (-14,0,5,3)  37 ]  | det=1? true
[434] 31 37 -9 -3 -1 -6  |  [ 31  (-9,-3,-1,-6) ; (-15,3,1,6)  37 ]  | det=1? true
[435] 10 38 -4 -1 -3 -2  |  [ 10  (-4,-1,-3,-2) ; (-6,1,3,2)  38 ]  | det=1? true
[436] 10 38 -6 -1 -3 2  |  [ 10  (-6,-1,-3,2) ; (-4,1,3,-2)  38 ]  | det=1? true
[437] 15 38 -4 -1 -4 -2  |  [ 15  (-4,-1,-4,-2) ; (-6,1,4,2)  38 ]  | det=1? true
[438] 15 38 -6 -1 -4 2  |  [ 15  (-6,-1,-4,2) ; (-4,1,4,-2)  38 ]  | det=1? true
[439] 33 38 -8 -5 -5 -4  |  [ 33  (-8,-5,-5,-4) ; (-12,5,5,4)  38 ]  | det=1? true
[440] 33 38 -12 -5 -5 4  |  [ 33  (-12,-5,-5,4) ; (-8,5,5,-4)  38 ]  | det=1? true
[441] 13 37 -3 0 -1 -4  |  [ 13  (-3,0,-1,-4) ; (-7,0,1,4)  37 ]  | det=1? true
[442] 13 37 -7 0 -1 4  |  [ 13  (-7,0,-1,4) ; (-3,0,1,-4)  37 ]  | det=1? true
[443] 19 37 0 0 -1 -5  |  [ 19  (0,0,-1,-5) ; (-5,0,1,5)  37 ]  | det=1? true
[444] 19 37 -5 0 -1 5  |  [ 19  (-5,0,-1,5) ; (0,0,1,-5)  37 ]  | det=1? true
[445] 25 37 -1 0 -3 -5  |  [ 25  (-1,0,-3,-5) ; (-6,0,3,5)  37 ]  | det=1? true
[446] 25 37 -6 0 -3 5  |  [ 25  (-6,0,-3,5) ; (-1,0,3,-5)  37 ]  | det=1? true
[447] 28 37 -12 -7 -5 -2  |  [ 28  (-12,-7,-5,-2) ; (-14,7,5,2)  37 ]  | det=1? true
[448] 28 37 -14 -7 -5 2  |  [ 28  (-14,-7,-5,2) ; (-12,7,5,-2)  37 ]  | det=1? true
[449] 29 37 -10 -3 -5 -3  |  [ 29  (-10,-3,-5,-3) ; (-13,3,5,3)  37 ]  | det=1? true
[450] 29 37 -7 -7 -3 -5  |  [ 29  (-7,-7,-3,-5) ; (-12,7,3,5)  37 ]  | det=1? true
[451] 36 37 -12 -5 -2 -6  |  [ 36  (-12,-5,-2,-6) ; (-18,5,2,6)  37 ]  | det=1? true
[452] 38 38 -14 -7 -5 -4  |  [ 38  (-14,-7,-5,-4) ; (-18,7,5,4)  38 ]  | det=1? true
[453] 38 38 -18 -7 -5 4  |  [ 38  (-18,-7,-5,4) ; (-14,7,5,-4)  38 ]  | det=1? true
[454] 38 38 -4 -1 -6 -4  |  [ 38  (-4,-1,-6,-4) ; (-8,1,6,4)  38 ]  | det=1? true
[455] 38 38 -8 -1 -6 4  |  [ 38  (-8,-1,-6,4) ; (-4,1,6,-4)  38 ]  | det=1? true
[456] 29 37 -10 -1 -3 -5  |  [ 29  (-10,-1,-3,-5) ; (-15,1,3,5)  37 ]  | det=1? true
[457] 30 37 -1 2 -4 -5  |  [ 30  (-1,2,-4,-5) ; (-6,-2,4,5)  37 ]  | det=1? true
[458] 30 37 -6 2 -4 5  |  [ 30  (-6,2,-4,5) ; (-1,-2,4,-5)  37 ]  | det=1? true
[459] 32 37 -8 -8 -1 -6  |  [ 32  (-8,-8,-1,-6) ; (-14,8,1,6)  37 ]  | det=1? true
[460] 32 37 -14 -8 -1 6  |  [ 32  (-14,-8,-1,6) ; (-8,8,1,-6)  37 ]  | det=1? true
[461] 32 38 -10 -7 -1 -6  |  [ 32  (-10,-7,-1,-6) ; (-16,7,1,6)  38 ]  | det=1? true
[462] 32 38 -16 -7 -1 6  |  [ 32  (-16,-7,-1,6) ; (-10,7,1,-6)  38 ]  | det=1? true
[463] 29 37 -9 -4 -3 -5  |  [ 29  (-9,-4,-3,-5) ; (-14,4,3,5)  37 ]  | det=1? true
[464] 29 37 -14 -4 -3 5  |  [ 29  (-14,-4,-3,5) ; (-9,4,3,-5)  37 ]  | det=1? true
[465] 26 38 -12 -7 -5 2  |  [ 26  (-12,-7,-5,2) ; (-10,7,5,-2)  38 ]  | det=1? true
[466] 29 38 -10 2 -6 -1  |  [ 29  (-10,2,-6,-1) ; (-11,-2,6,1)  38 ]  | det=1? true
[467] 29 38 -11 2 -6 1  |  [ 29  (-11,2,-6,1) ; (-10,-2,6,-1)  38 ]  | det=1? true
[468] 29 38 -6 -5 -1 -6  |  [ 29  (-6,-5,-1,-6) ; (-12,5,1,6)  38 ]  | det=1? true
[469] 29 38 -12 -5 -1 6  |  [ 29  (-12,-5,-1,6) ; (-6,5,1,-6)  38 ]  | det=1? true
[470] 32 38 -11 2 -6 -2  |  [ 32  (-11,2,-6,-2) ; (-13,-2,6,2)  38 ]  | det=1? true
[471] 32 38 -13 2 -6 2  |  [ 32  (-13,2,-6,2) ; (-11,-2,6,-2)  38 ]  | det=1? true
[472] 31 37 -5 2 -5 -4  |  [ 31  (-5,2,-5,-4) ; (-9,-2,5,4)  37 ]  | det=1? true
[473] 13 38 -4 -1 -1 -4  |  [ 13  (-4,-1,-1,-4) ; (-8,1,1,4)  38 ]  | det=1? true
[474] 13 38 -8 -1 -1 4  |  [ 13  (-8,-1,-1,4) ; (-4,1,1,-4)  38 ]  | det=1? true
[475] 26 38 -10 -7 -5 -2  |  [ 26  (-10,-7,-5,-2) ; (-12,7,5,2)  38 ]  | det=1? true
[476] 33 38 -10 -1 -5 -4  |  [ 33  (-10,-1,-5,-4) ; (-14,1,5,4)  38 ]  | det=1? true
[477] 37 37 -16 0 -6 -2  |  [ 37  (-16,0,-6,-2) ; (-18,0,6,2)  37 ]  | det=1? true
[478] 38 38 -18 -3 -1 -6  |  [ 38  (-18,-3,-1,-6) ; (-24,3,1,6)  38 ]  | det=1? true
[479] 38 38 -24 -3 -1 6  |  [ 38  (-24,-3,-1,6) ; (-18,3,1,-6)  38 ]  | det=1? true
[480] 37 37 -18 -3 -6 -1  |  [ 37  (-18,-3,-6,-1) ; (-19,3,6,1)  37 ]  | det=1? true
[481] 31 37 -12 3 -6 -1  |  [ 31  (-12,3,-6,-1) ; (-13,-3,6,1)  37 ]  | det=1? true
[482] 7 39 -1 0 -3 -1  |  [ 7  (-1,0,-3,-1) ; (-2,0,3,1)  39 ]  | det=1? true
[483] 7 39 -2 0 -3 1  |  [ 7  (-2,0,-3,1) ; (-1,0,3,-1)  39 ]  | det=1? true
[484] 19 39 -6 1 -5 -1  |  [ 19  (-6,1,-5,-1) ; (-7,-1,5,1)  39 ]  | det=1? true
[485] 19 39 -7 1 -5 1  |  [ 19  (-7,1,-5,1) ; (-6,-1,5,-1)  39 ]  | det=1? true
[486] 21 39 -7 0 -5 2  |  [ 21  (-7,0,-5,2) ; (-5,0,5,-2)  39 ]  | det=1? true
[487] 38 39 -11 0 -6 4  |  [ 38  (-11,0,-6,4) ; (-7,0,6,-4)  39 ]  | det=1? true
[488] 39 39 -10 -5 -7 -1  |  [ 39  (-10,-5,-7,-1) ; (-11,5,7,1)  39 ]  | det=1? true
[489] 39 39 -11 -5 -7 1  |  [ 39  (-11,-5,-7,1) ; (-10,5,7,-1)  39 ]  | det=1? true
[490] 29 40 -16 0 -1 6  |  [ 29  (-16,0,-1,6) ; (-10,0,1,-6)  40 ]  | det=1? true
[491] 21 39 -5 0 -5 -2  |  [ 21  (-5,0,-5,-2) ; (-7,0,5,2)  39 ]  | det=1? true
[492] 23 39 -7 -5 -5 -2  |  [ 23  (-7,-5,-5,-2) ; (-9,5,5,2)  39 ]  | det=1? true
[493] 35 39 -1 -2 -1 -7  |  [ 35  (-1,-2,-1,-7) ; (-8,2,1,7)  39 ]  | det=1? true
[494] 34 40 -14 0 -5 -4  |  [ 34  (-14,0,-5,-4) ; (-18,0,5,4)  40 ]  | det=1? true
[495] 40 40 -9 -6 -4 -6  |  [ 40  (-9,-6,-4,-6) ; (-15,6,4,6)  40 ]  | det=1? true
[496] 40 40 -15 -6 -4 6  |  [ 40  (-15,-6,-4,6) ; (-9,6,4,-6)  40 ]  | det=1? true
[497] 29 39 -9 -8 -5 -3  |  [ 29  (-9,-8,-5,-3) ; (-12,8,5,3)  39 ]  | det=1? true
[498] 33 39 -11 -2 -5 -4  |  [ 33  (-11,-2,-5,-4) ; (-15,2,5,4)  39 ]  | det=1? true
[499] 31 39 -13 -3 -6 -1  |  [ 31  (-13,-3,-6,-1) ; (-14,3,6,1)  39 ]  | det=1? true
[500] 31 39 -14 -3 -6 1  |  [ 31  (-14,-3,-6,1) ; (-13,3,6,-1)  39 ]  | det=1? true
[501] 7 41 -3 -1 -3 -1  |  [ 7  (-3,-1,-3,-1) ; (-4,1,3,1)  41 ]  | det=1? true
[502] 7 41 -4 -1 -3 1  |  [ 7  (-4,-1,-3,1) ; (-3,1,3,-1)  41 ]  | det=1? true
[503] 7 41 -2 -2 -1 -3  |  [ 7  (-2,-2,-1,-3) ; (-5,2,1,3)  41 ]  | det=1? true
[504] 7 41 -5 -2 -1 3  |  [ 7  (-5,-2,-1,3) ; (-2,2,1,-3)  41 ]  | det=1? true
[505] 5 43 1 1 -2 -2  |  [ 5  (1,1,-2,-2) ; (-1,-1,2,2)  43 ]  | det=1? true
[506] 23 43 -7 0 -5 -3  |  [ 23  (-7,0,-5,-3) ; (-10,0,5,3)  43 ]  | det=1? true
[507] 23 43 -10 0 -5 3  |  [ 23  (-10,0,-5,3) ; (-7,0,5,-3)  43 ]  | det=1? true
[508] 31 43 -13 -12 -3 -5  |  [ 31  (-13,-12,-3,-5) ; (-18,12,3,5)  43 ]  | det=1? true
[509] 31 43 -18 -12 -3 5  |  [ 31  (-18,-12,-3,5) ; (-13,12,3,-5)  43 ]  | det=1? true
[510] 36 43 -15 -10 -4 -5  |  [ 36  (-15,-10,-4,-5) ; (-20,10,4,5)  43 ]  | det=1? true
[511] 43 43 -19 -1 -6 -4  |  [ 43  (-19,-1,-6,-4) ; (-23,1,6,4)  43 ]  | det=1? true
[512] 35 44 -9 0 -4 -6  |  [ 35  (-9,0,-4,-6) ; (-15,0,4,6)  44 ]  | det=1? true
[513] 35 44 -15 0 -4 6  |  [ 35  (-15,0,-4,6) ; (-9,0,4,-6)  44 ]  | det=1? true
[514] 12 41 -4 -2 -4 -1  |  [ 12  (-4,-2,-4,-1) ; (-5,2,4,1)  41 ]  | det=1? true
[515] 12 41 -5 -2 -4 1  |  [ 12  (-5,-2,-4,1) ; (-4,2,4,-1)  41 ]  | det=1? true
[516] 33 41 -13 -3 -5 -4  |  [ 33  (-13,-3,-5,-4) ; (-17,3,5,4)  41 ]  | det=1? true
[517] 33 41 -3 2 -7 -1  |  [ 33  (-3,2,-7,-1) ; (-4,-2,7,1)  41 ]  | det=1? true
[518] 33 41 -4 2 -7 1  |  [ 33  (-4,2,-7,1) ; (-3,-2,7,-1)  41 ]  | det=1? true
[519] 26 43 -2 2 -4 -5  |  [ 26  (-2,2,-4,-5) ; (-7,-2,4,5)  43 ]  | det=1? true
[520] 26 43 -7 2 -4 5  |  [ 26  (-7,2,-4,5) ; (-2,-2,4,-5)  43 ]  | det=1? true
[521] 34 43 -3 0 -2 -7  |  [ 34  (-3,0,-2,-7) ; (-10,0,2,7)  43 ]  | det=1? true
[522] 32 44 -1 2 -4 -6  |  [ 32  (-1,2,-4,-6) ; (-7,-2,4,6)  44 ]  | det=1? true
[523] 32 44 -7 2 -4 6  |  [ 32  (-7,2,-4,6) ; (-1,-2,4,-6)  44 ]  | det=1? true
[524] 17 41 -3 0 -3 -4  |  [ 17  (-3,0,-3,-4) ; (-7,0,3,4)  41 ]  | det=1? true
[525] 17 41 -7 0 -3 4  |  [ 17  (-7,0,-3,4) ; (-3,0,3,-4)  41 ]  | det=1? true
[526] 11 42 -2 2 -4 -1  |  [ 11  (-2,2,-4,-1) ; (-3,-2,4,1)  42 ]  | det=1? true
[527] 11 42 -3 2 -4 1  |  [ 11  (-3,2,-4,1) ; (-2,-2,4,-1)  42 ]  | det=1? true
[528] 28 43 -7 -2 -4 -5  |  [ 28  (-7,-2,-4,-5) ; (-12,2,4,5)  43 ]  | det=1? true
[529] 39 44 -16 3 -6 -4  |  [ 39  (-16,3,-6,-4) ; (-20,-3,6,4)  44 ]  | det=1? true
[530] 44 44 -18 -9 -7 -2  |  [ 44  (-18,-9,-7,-2) ; (-20,9,7,2)  44 ]  | det=1? true
[531] 36 41 -15 -8 -2 -6  |  [ 36  (-15,-8,-2,-6) ; (-21,8,2,6)  41 ]  | det=1? true
[532] 36 41 -21 -8 -2 6  |  [ 36  (-21,-8,-2,6) ; (-15,8,2,-6)  41 ]  | det=1? true
[533] 32 43 -15 -4 -6 -2  |  [ 32  (-15,-4,-6,-2) ; (-17,4,6,2)  43 ]  | det=1? true
[534] 36 41 -4 0 -2 -7  |  [ 36  (-4,0,-2,-7) ; (-11,0,2,7)  41 ]  | det=1? true
[535] 36 41 -11 0 -2 7  |  [ 36  (-11,0,-2,7) ; (-4,0,2,-7)  41 ]  | det=1? true
[536] 38 41 -6 -6 -2 -7  |  [ 38  (-6,-6,-2,-7) ; (-13,6,2,7)  41 ]  | det=1? true
[537] 38 44 -8 -10 -2 -7  |  [ 38  (-8,-10,-2,-7) ; (-15,10,2,7)  44 ]  | det=1? true
[538] 36 41 -17 -6 -6 -2  |  [ 36  (-17,-6,-6,-2) ; (-19,6,6,2)  41 ]  | det=1? true
[539] 36 41 -19 -6 -6 2  |  [ 36  (-19,-6,-6,2) ; (-17,6,6,-2)  41 ]  | det=1? true
[540] 41 41 -12 -6 -4 -6  |  [ 41  (-12,-6,-4,-6) ; (-18,6,4,6)  41 ]  | det=1? true
[541] 48 48 -1 0 -6 -7  |  [ 48  (-1,0,-6,-7) ; (-8,0,6,7)  48 ]  | det=1? true
[542] 32 45 0 -2 -2 -7  |  [ 32  (0,-2,-2,-7) ; (-7,2,2,7)  45 ]  | det=1? true
[543] 42 45 -16 -10 -7 -2  |  [ 42  (-16,-10,-7,-2) ; (-18,10,7,2)  45 ]  | det=1? true
[544] 42 45 -18 -10 -7 2  |  [ 42  (-18,-10,-7,2) ; (-16,10,7,-2)  45 ]  | det=1? true
[545] 45 45 -19 -9 -2 -7  |  [ 45  (-19,-9,-2,-7) ; (-26,9,2,7)  45 ]  | det=1? true
[546] 24 46 0 1 -5 -4  |  [ 24  (0,1,-5,-4) ; (-4,-1,5,4)  46 ]  | det=1? true
[547] 24 46 -4 1 -5 4  |  [ 24  (-4,1,-5,4) ; (0,-1,5,-4)  46 ]  | det=1? true
[548] 31 45 -13 -6 -5 -4  |  [ 31  (-13,-6,-5,-4) ; (-17,6,5,4)  45 ]  | det=1? true
[549] 33 45 -6 -7 -1 -7  |  [ 33  (-6,-7,-1,-7) ; (-13,7,1,7)  45 ]  | det=1? true
[550] 38 47 -5 0 -8 -1  |  [ 38  (-5,0,-8,-1) ; (-6,0,8,1)  47 ]  | det=1? true
[551] 42 45 -18 -7 -7 -2  |  [ 42  (-18,-7,-7,-2) ; (-20,7,7,2)  45 ]  | det=1? true
[552] 42 45 -20 -7 -7 2  |  [ 42  (-20,-7,-7,2) ; (-18,7,7,-2)  45 ]  | det=1? true
[553] 37 48 -4 0 -8 -1  |  [ 37  (-4,0,-8,-1) ; (-5,0,8,1)  48 ]  | det=1? true
[554] 45 48 -16 -18 -2 -7  |  [ 45  (-16,-18,-2,-7) ; (-23,18,2,7)  48 ]  | det=1? true
[555] 45 48 -23 -18 -2 7  |  [ 45  (-23,-18,-2,7) ; (-16,18,2,-7)  48 ]  | det=1? true
[556] 36 50 -14 -9 -7 -2  |  [ 36  (-14,-9,-7,-2) ; (-16,9,7,2)  50 ]  | det=1? true
[557] 36 50 -16 -9 -7 2  |  [ 36  (-16,-9,-7,2) ; (-14,9,7,-2)  50 ]  | det=1? true
[558] 33 51 -12 -1 -7 3  |  [ 33  (-12,-1,-7,3) ; (-9,1,7,-3)  51 ]  | det=1? true
[559] 42 52 -18 -8 -5 -6  |  [ 42  (-18,-8,-5,-6) ; (-24,8,5,6)  52 ]  | det=1? true
[560] 42 52 -24 -8 -5 6  |  [ 42  (-24,-8,-5,6) ; (-18,8,5,-6)  52 ]  | det=1? true
[561] 39 51 1 1 -5 -7  |  [ 39  (1,1,-5,-7) ; (-6,-1,5,7)  51 ]  | det=1? true
[562] 36 49 -1 0 -4 -7  |  [ 36  (-1,0,-4,-7) ; (-8,0,4,7)  49 ]  | det=1? true
[563] 40 49 -16 -6 -4 7  |  [ 40  (-16,-6,-4,7) ; (-9,6,4,-7)  49 ]  | det=1? true
[564] 43 51 -11 1 -5 -7  |  [ 43  (-11,1,-5,-7) ; (-18,-1,5,7)  51 ]  | det=1? true
[565] 45 55 -5 -1 -5 -8  |  [ 45  (-5,-1,-5,-8) ; (-13,1,5,8)  55 ]  | det=1? true
[566] 36 56 -10 1 -2 -8  |  [ 36  (-10,1,-2,-8) ; (-18,-1,2,8)  56 ]  | det=1? true
[567] 44 56 -18 -15 -1 -8  |  [ 44  (-18,-15,-1,-8) ; (-26,15,1,8)  56 ]  | det=1? true
[568] 53 53 0 0 -2 -10  |  [ 53  (0,0,-2,-10) ; (-10,0,2,10)  53 ]  | det=1? true
[569] 10 54 0 1 -2 -4  |  [ 10  (0,1,-2,-4) ; (-4,-1,2,4)  54 ]  | det=1? true
[570] 10 54 -4 1 -2 4  |  [ 10  (-4,1,-2,4) ; (0,-1,2,-4)  54 ]  | det=1? true
[571] 20 54 0 1 -2 -6  |  [ 20  (0,1,-2,-6) ; (-6,-1,2,6)  54 ]  | det=1? true
[572] 20 54 -6 1 -2 6  |  [ 20  (-6,1,-2,6) ; (0,-1,2,-6)  54 ]  | det=1? true
[573] 26 56 -6 3 -6 -4  |  [ 26  (-6,3,-6,-4) ; (-10,-3,6,4)  56 ]  | det=1? true
[574] 56 58 -19 -8 -4 -9  |  [ 56  (-19,-8,-4,-9) ; (-28,8,4,9)  58 ]  | det=1? true
[575] 57 57 -4 -6 -4 -10  |  [ 57  (-4,-6,-4,-10) ; (-14,6,4,10)  57 ]  | det=1? true
[576] 50 60 -14 3 -6 -8  |  [ 50  (-14,3,-6,-8) ; (-22,-3,6,8)  60 ]  | det=1? true
[577] 26 61 -11 -2 -6 -4  |  [ 26  (-11,-2,-6,-4) ; (-15,2,6,4)  61 ]  | det=1? true
[578] 60 65 -27 -14 -8 -6  |  [ 60  (-27,-14,-8,-6) ; (-33,14,8,6)  65 ]  | det=1? true
[579] 60 65 -33 -14 -8 6  |  [ 60  (-33,-14,-8,6) ; (-27,14,8,-6)  65 ]  | det=1? true
[580] 50 66 -12 5 -10 -4  |  [ 50  (-12,5,-10,-4) ; (-16,-5,10,4)  66 ]  | det=1? true
[581] 66 92 -18 7 -14 -4  |  [ 66  (-18,7,-14,-4) ; (-22,-7,14,4)  92 ]  | det=1? true
