p=491
# format: u v w x y z where a = w + x*i + y*(i+j)/2 + z*(1+k)/2
[1]	1	1	0	0	0	0	det1=true
[2]	12	12	-4	0	0	-1	det1=true
[3]	10	13	-2	0	0	-1	det1=true
[4]	10	13	-2	-1	-1	0	det1=true
[5]	13	13	-5	-4	-1	0	det1=true
[6]	9	14	-1	0	0	-1	det1=true
[7]	10	14	-4	0	-1	0	det1=true
[8]	10	14	-3	-2	0	-1	det1=true
[9]	11	14	-5	0	0	-1	det1=true
[10]	13	14	-6	-4	0	-1	det1=true
[11]	9	15	-3	-1	-1	0	det1=true
[12]	12	15	-6	-4	-1	0	det1=true
[13]	8	16	-2	0	-1	0	det1=true
[14]	9	16	-4	0	0	-1	det1=true
[15]	10	16	-4	-4	0	-1	det1=true
[16]	8	17	-3	0	0	-1	det1=true
[17]	9	17	-4	-3	0	-1	det1=true
[18]	17	17	-7	0	-1	1	det1=true
[19]	7	18	-1	0	0	-1	det1=true
[20]	17	17	-6	0	-1	-1	det1=true
[21]	17	17	-5	-3	-1	-1	det1=true
[22]	15	17	-2	-1	-1	-1	det1=true
[23]	17	17	-6	-3	-1	1	det1=true
[24]	15	17	-3	-1	-1	1	det1=true
[25]	7	19	-3	0	-1	0	det1=true
[26]	8	19	-4	-3	-1	0	det1=true
[27]	17	19	-7	-4	-1	-1	det1=true
[28]	17	19	-8	-4	-1	1	det1=true
[29]	7	20	-3	-2	0	-1	det1=true
[30]	13	19	0	0	-1	-1	det1=true
[31]	19	19	-8	-6	-1	-1	det1=true
[32]	19	19	-9	-6	-1	1	det1=true
[33]	13	21	-4	-2	-1	-1	det1=true
[34]	13	21	-5	-2	-1	1	det1=true
[35]	15	21	-7	-3	-1	-1	det1=true
[36]	15	21	-8	-3	-1	1	det1=true
[37]	6	21	-1	0	0	-1	det1=true
[38]	23	23	-6	0	-2	0	det1=true
[39]	22	24	-5	0	0	-2	det1=true
[40]	11	23	-2	0	-1	-1	det1=true
[41]	11	23	-3	0	-1	1	det1=true
[42]	23	23	-15	-6	-1	-1	det1=true
[43]	23	23	-16	-6	-1	1	det1=true
[44]	23	23	-14	-8	-1	-1	det1=true
[45]	23	23	-5	-1	0	-2	det1=true
[46]	22	26	-8	-3	-2	0	det1=true
[47]	22	26	-7	-4	0	-2	det1=true
[48]	23	26	-9	-4	-2	0	det1=true
[49]	22	25	-7	-2	-2	0	det1=true
[50]	25	25	-2	-1	-2	-1	det1=true
[51]	19	26	-1	0	-2	0	det1=true
[52]	23	26	-8	-5	0	-2	det1=true
[53]	20	25	-2	-1	-2	0	det1=true
[54]	22	25	-6	-3	0	-2	det1=true
[55]	24	26	-2	0	-1	-2	det1=true
[56]	24	26	-4	0	-1	2	det1=true
[57]	26	26	-6	-3	-1	-2	det1=true
[58]	26	26	-8	-3	-1	2	det1=true
[59]	5	25	-1	0	-1	0	det1=true
[60]	5	26	-2	0	0	-1	det1=true
[61]	5	26	-2	-1	-1	0	det1=true
[62]	19	28	-5	-2	0	-2	det1=true
[63]	20	28	-7	-2	0	-2	det1=true
[64]	24	28	-12	-5	-2	0	det1=true
[65]	24	28	-11	-6	0	-2	det1=true
[66]	23	27	-2	1	-2	-1	det1=true
[67]	25	28	-12	-7	-2	0	det1=true
[68]	26	27	-8	-2	-1	-2	det1=true
[69]	26	27	-10	-2	-1	2	det1=true
[70]	27	27	-10	-1	-2	-1	det1=true
[71]	27	27	-11	-1	-2	1	det1=true
[72]	19	28	-6	-1	-2	0	det1=true
[73]	23	28	-4	-2	-2	-1	det1=true
[74]	23	28	-5	-2	-2	1	det1=true
[75]	24	28	-7	0	-2	-1	det1=true
[76]	24	28	-8	0	-2	1	det1=true
[77]	27	28	-11	-2	-2	-1	det1=true
[78]	27	28	-12	-2	-2	1	det1=true
[79]	27	28	-10	-4	-1	-2	det1=true
[80]	27	28	-12	-4	-1	2	det1=true
[81]	28	28	-12	0	-1	-2	det1=true
[82]	28	28	-14	0	-1	2	det1=true
[83]	11	27	-5	-4	-1	-1	det1=true
[84]	11	27	-6	-4	-1	1	det1=true
[85]	22	28	0	0	-1	-2	det1=true
[86]	22	28	-2	0	-1	2	det1=true
[87]	23	27	-1	-1	-1	-2	det1=true
[88]	23	27	-3	-1	-1	2	det1=true
[89]	25	27	-7	-1	-2	-1	det1=true
[90]	25	27	-8	-1	-2	1	det1=true
[91]	21	29	-8	-6	0	-2	det1=true
[92]	22	29	-11	-4	-2	0	det1=true
[93]	24	29	-7	-4	-2	-1	det1=true
[94]	24	29	-8	-4	-2	1	det1=true
[95]	17	30	-3	-2	-2	0	det1=true
[96]	21	29	-9	-5	-2	0	det1=true
[97]	22	29	-10	-5	0	-2	det1=true
[98]	24	29	-8	0	-1	-2	det1=true
[99]	24	29	-10	0	-1	2	det1=true
[100]	29	29	-14	-3	-2	-1	det1=true
[101]	29	29	-15	-3	-2	1	det1=true
[102]	29	29	-13	-5	-1	-2	det1=true
[103]	29	29	-15	-5	-1	2	det1=true
[104]	21	30	-2	-2	-1	-2	det1=true
[105]	21	30	-4	-2	-1	2	det1=true
[106]	22	30	-4	-4	-1	-2	det1=true
[107]	24	30	-7	-6	-2	-1	det1=true
[108]	24	30	-8	-6	-2	1	det1=true
[109]	25	30	-10	-4	-2	-1	det1=true
[110]	25	30	-11	-4	-2	1	det1=true
[111]	26	30	-12	-2	-2	-1	det1=true
[112]	26	30	-13	-2	-2	1	det1=true
[113]	28	30	-12	-7	-1	-2	det1=true
[114]	9	29	-3	-1	-1	-1	det1=true
[115]	9	29	-4	-1	-1	1	det1=true
[116]	25	29	-10	1	-2	-1	det1=true
[117]	25	29	-11	1	-2	1	det1=true
[118]	26	29	-9	-6	-2	-1	det1=true
[119]	26	29	-10	-6	-2	1	det1=true
[120]	24	29	-8	-2	-2	-1	det1=true
[121]	24	29	-9	-2	-2	1	det1=true
[122]	27	29	-11	-5	-2	-1	det1=true
[123]	27	29	-12	-5	-2	1	det1=true
[124]	22	30	-6	-4	-1	2	det1=true
[125]	19	31	-8	-4	0	-2	det1=true
[126]	23	31	-10	-10	0	-2	det1=true
[127]	17	32	-5	-4	0	-2	det1=true
[128]	32	32	-15	-12	-2	-1	det1=true
[129]	32	32	-16	-12	-2	1	det1=true
[130]	16	32	-3	-2	0	-2	det1=true
[131]	32	32	-4	-3	-2	-2	det1=true
[132]	32	32	-6	-3	-2	2	det1=true
[133]	23	32	-8	-6	-2	-1	det1=true
[134]	23	32	-9	-6	-2	1	det1=true
[135]	24	32	-8	-8	-1	-2	det1=true
[136]	16	31	-1	0	0	-2	det1=true
[137]	22	31	-6	-4	-2	-1	det1=true
[138]	22	31	-7	-4	-2	1	det1=true
[139]	26	31	-10	-8	-2	-1	det1=true
[140]	26	31	-11	-8	-2	1	det1=true
[141]	23	32	-10	0	-1	-2	det1=true
[142]	23	32	-12	0	-1	2	det1=true
[143]	24	32	-10	-8	-1	2	det1=true
[144]	9	31	-4	-3	-1	-1	det1=true
[145]	9	31	-5	-3	-1	1	det1=true
[146]	16	31	-2	1	-2	0	det1=true
[147]	21	31	-5	0	-1	-2	det1=true
[148]	21	31	-7	0	-1	2	det1=true
[149]	25	31	-12	-1	-2	-1	det1=true
[150]	25	31	-13	-1	-2	1	det1=true
[151]	21	32	-7	0	-2	-1	det1=true
[152]	21	31	-4	-3	-2	-1	det1=true
[153]	21	31	-5	-3	-2	1	det1=true
[154]	28	31	-11	-10	-2	-1	det1=true
[155]	28	31	-12	-10	-2	1	det1=true
[156]	21	32	-8	0	-2	1	det1=true
[157]	19	31	-9	-3	-2	0	det1=true
[158]	20	32	-4	0	-1	-2	det1=true
[159]	31	32	-2	1	-2	-2	det1=true
[160]	31	32	-4	1	-2	2	det1=true
[161]	20	32	-6	0	-1	2	det1=true
[162]	4	31	0	0	0	-1	det1=true
[163]	4	32	-2	0	-1	0	det1=true
[164]	19	34	-4	-2	-1	-2	det1=true
[165]	19	34	-6	-2	-1	2	det1=true
[166]	33	34	-4	1	-3	0	det1=true
[167]	24	33	-10	-7	-1	-2	det1=true
[168]	24	33	-12	-7	-1	2	det1=true
[169]	27	33	-11	-11	-1	-2	det1=true
[170]	27	33	-13	-11	-1	2	det1=true
[171]	33	34	-2	-2	0	-3	det1=true
[172]	19	33	-3	1	-2	-1	det1=true
[173]	19	33	-4	1	-2	1	det1=true
[174]	21	33	-7	-5	-2	1	det1=true
[175]	22	33	-10	0	-2	-1	det1=true
[176]	22	33	-11	0	-2	1	det1=true
[177]	22	33	-8	-5	-1	-2	det1=true
[178]	22	33	-10	-5	-1	2	det1=true
[179]	31	33	-5	-1	-2	-2	det1=true
[180]	33	33	-8	-4	-2	-2	det1=true
[181]	33	33	-10	-4	-2	2	det1=true
[182]	15	34	-3	-2	-2	0	det1=true
[183]	16	34	-6	-3	-2	0	det1=true
[184]	16	34	-5	-4	0	-2	det1=true
[185]	21	33	-6	-5	-2	-1	det1=true
[186]	32	33	-7	-2	-2	-2	det1=true
[187]	32	33	-9	-2	-2	2	det1=true
[188]	19	34	-5	0	-2	-1	det1=true
[189]	19	34	-6	0	-2	1	det1=true
[190]	21	34	-9	-2	-2	-1	det1=true
[191]	21	34	-10	-2	-2	1	det1=true
[192]	16	33	-6	1	-2	0	det1=true
[193]	20	33	-4	-4	-1	-2	det1=true
[194]	30	34	-5	0	-2	-2	det1=true
[195]	25	33	-10	-9	-2	-1	det1=true
[196]	20	34	-8	-2	-2	1	det1=true
[197]	22	34	-10	-3	-1	-2	det1=true
[198]	22	34	-12	-3	-1	2	det1=true
[199]	20	33	-6	-4	-1	2	det1=true
[200]	20	34	-7	-2	-2	-1	det1=true
[201]	27	34	-13	-10	-2	-1	det1=true
[202]	27	34	-14	-10	-2	1	det1=true
[203]	35	36	-8	-8	0	-3	det1=true
[204]	34	35	-8	-3	-3	0	det1=true
[205]	31	36	-1	-2	0	-3	det1=true
[206]	30	35	-14	-14	-1	-2	det1=true
[207]	30	35	-16	-14	-1	2	det1=true
[208]	35	35	-10	-10	-2	-2	det1=true
[209]	30	36	-8	-3	-2	-2	det1=true
[210]	30	36	-10	-3	-2	2	det1=true
[211]	35	36	-13	-8	-2	-2	det1=true
[212]	35	36	-15	-8	-2	2	det1=true
[213]	21	35	-7	-7	-1	-2	det1=true
[214]	21	35	-9	-7	-1	2	det1=true
[215]	23	35	-11	-9	-1	2	det1=true
[216]	33	36	-12	-5	-2	-2	det1=true
[217]	33	36	-14	-5	-2	2	det1=true
[218]	16	35	-7	-2	0	-2	det1=true
[219]	21	35	-9	-4	-1	-2	det1=true
[220]	21	35	-11	-4	-1	2	det1=true
[221]	33	35	-7	1	-3	0	det1=true
[222]	22	36	-10	-7	-1	-2	det1=true
[223]	22	36	-12	-7	-1	2	det1=true
[224]	32	36	-4	-4	0	-3	det1=true
[225]	33	36	-13	-2	-2	-2	det1=true
[226]	33	36	-15	-2	-2	2	det1=true
[227]	34	36	-14	-3	-2	-2	det1=true
[228]	34	36	-16	-3	-2	2	det1=true
[229]	18	35	-2	-2	-1	-2	det1=true
[230]	18	35	-4	-2	-1	2	det1=true
[231]	32	35	-10	-3	-2	-2	det1=true
[232]	32	35	-12	-3	-2	2	det1=true
[233]	28	36	-4	1	-2	-2	det1=true
[234]	28	36	-6	1	-2	2	det1=true
[235]	28	36	-3	-2	-2	-2	det1=true
[236]	28	36	-5	-2	-2	2	det1=true
[237]	29	36	-5	-4	-2	-2	det1=true
[238]	29	36	-7	-4	-2	2	det1=true
[239]	32	36	-12	1	-2	-2	det1=true
[240]	32	36	-14	1	-2	2	det1=true
[241]	32	36	-11	-4	-2	-2	det1=true
[242]	32	36	-13	-4	-2	2	det1=true
[243]	36	36	-12	-11	-2	-2	det1=true
[244]	36	36	-14	-11	-2	2	det1=true
[245]	19	36	-6	-4	-1	-2	det1=true
[246]	19	36	-8	-4	-1	2	det1=true
[247]	16	35	-8	-1	-2	0	det1=true
[248]	23	35	-9	-9	-1	-2	det1=true
[249]	36	37	-13	-4	0	-3	det1=true
[250]	31	37	-9	-7	-2	-2	det1=true
[251]	31	37	-11	-7	-2	2	det1=true
[252]	31	38	-6	-4	0	-3	det1=true
[253]	17	38	-4	-2	-1	-2	det1=true
[254]	17	38	-6	-2	-1	2	det1=true
[255]	35	37	-13	-3	-3	0	det1=true
[256]	36	37	-14	-4	-3	0	det1=true
[257]	37	38	-11	-12	0	-3	det1=true
[258]	18	37	-6	-2	-2	-1	det1=true
[259]	18	37	-7	-2	-2	1	det1=true
[260]	27	37	-3	1	-2	-2	det1=true
[261]	27	37	-5	1	-2	2	det1=true
[262]	30	37	-2	1	-3	0	det1=true
[263]	36	37	-17	-4	-2	-2	det1=true
[264]	36	37	-19	-4	-2	2	det1=true
[265]	37	37	-10	-4	-3	-1	det1=true
[266]	37	37	-11	-4	-3	1	det1=true
[267]	30	38	-10	-5	-2	-2	det1=true
[268]	30	38	-12	-5	-2	2	det1=true
[269]	29	37	-8	-2	-2	-2	det1=true
[270]	29	37	-10	-2	-2	2	det1=true
[271]	37	37	-9	-5	-1	-3	det1=true
[272]	37	37	-12	-5	-1	3	det1=true
[273]	17	38	-5	0	-2	-1	det1=true
[274]	17	38	-6	0	-2	1	det1=true
[275]	18	38	-6	-4	-1	-2	det1=true
[276]	18	38	-8	-4	-1	2	det1=true
[277]	30	38	-4	-2	0	-3	det1=true
[278]	16	37	-7	-6	0	-2	det1=true
[279]	18	37	-6	-1	-1	-2	det1=true
[280]	18	37	-8	-1	-1	2	det1=true
[281]	14	38	-5	-2	0	-2	det1=true
[282]	28	38	-8	1	-2	-2	det1=true
[283]	28	38	-10	1	-2	2	det1=true
[284]	32	38	-12	-7	-2	-2	det1=true
[285]	32	38	-14	-7	-2	2	det1=true
[286]	38	38	-18	-9	-2	-2	det1=true
[287]	38	38	-20	-9	-2	2	det1=true
[288]	7	37	-3	0	-1	-1	det1=true
[289]	7	37	-4	0	-1	1	det1=true
[290]	14	37	-4	-1	0	-2	det1=true
[291]	28	37	-6	-1	-2	-2	det1=true
[292]	28	37	-8	-1	-2	2	det1=true
[293]	7	37	-2	-2	-1	-1	det1=true
[294]	29	39	-5	1	-3	0	det1=true
[295]	33	39	-13	-2	-3	0	det1=true
[296]	35	39	-13	-8	-3	0	det1=true
[297]	36	39	-14	-13	-2	-2	det1=true
[298]	36	39	-16	-13	-2	2	det1=true
[299]	19	39	-9	-5	-2	-1	det1=true
[300]	19	39	-10	-5	-2	1	det1=true
[301]	16	39	-2	0	-1	-2	det1=true
[302]	29	39	-11	-1	-2	-2	det1=true
[303]	29	39	-13	-1	-2	2	det1=true
[304]	32	39	-11	-10	-2	-2	det1=true
[305]	32	39	-13	-10	-2	2	det1=true
[306]	39	39	-12	-10	-1	-3	det1=true
[307]	39	39	-15	-10	-1	3	det1=true
[308]	16	40	-4	0	-1	-2	det1=true
[309]	16	40	-6	0	-1	2	det1=true
[310]	17	39	-5	-3	-1	-2	det1=true
[311]	27	40	-8	-3	-2	-2	det1=true
[312]	27	40	-10	-3	-2	2	det1=true
[313]	34	40	-15	-10	-2	-2	det1=true
[314]	34	40	-17	-10	-2	2	det1=true
[315]	16	39	-4	0	-1	2	det1=true
[316]	18	39	-8	-2	-1	-2	det1=true
[317]	18	39	-10	-2	-1	2	det1=true
[318]	32	39	-15	-2	-2	-2	det1=true
[319]	32	39	-17	-2	-2	2	det1=true
[320]	18	40	-7	-6	-2	-1	det1=true
[321]	18	40	-8	-6	-2	1	det1=true
[322]	33	39	-7	0	-3	-1	det1=true
[323]	33	39	-8	0	-3	1	det1=true
[324]	17	40	-7	-2	-2	-1	det1=true
[325]	17	40	-8	-2	-2	1	det1=true
[326]	17	39	-7	-3	-1	2	det1=true
[327]	28	39	-9	-2	-2	-2	det1=true
[328]	28	39	-11	-2	-2	2	det1=true
[329]	39	39	-15	-4	-1	-3	det1=true
[330]	39	39	-18	-4	-1	3	det1=true
[331]	39	39	-13	-9	-3	-1	det1=true
[332]	39	39	-14	-9	-3	1	det1=true
[333]	28	40	-10	-3	-2	-2	det1=true
[334]	28	40	-12	-3	-2	2	det1=true
[335]	33	39	-6	-1	-1	-3	det1=true
[336]	33	39	-9	-1	-1	3	det1=true
[337]	25	40	-3	0	-2	-2	det1=true
[338]	25	40	-5	0	-2	2	det1=true
[339]	39	39	-16	-3	-3	-1	det1=true
[340]	39	39	-17	-3	-3	1	det1=true
[341]	40	40	0	0	-2	-3	det1=true
[342]	40	40	-3	0	-2	3	det1=true
[343]	35	41	-15	-13	-2	-2	det1=true
[344]	35	41	-17	-13	-2	2	det1=true
[345]	13	41	-4	-4	0	-2	det1=true
[346]	31	41	-11	-11	-2	-2	det1=true
[347]	39	43	-19	-13	-3	0	det1=true
[348]	34	41	-15	-4	0	-3	det1=true
[349]	36	41	-17	-12	-2	-2	det1=true
[350]	36	41	-19	-12	-2	2	det1=true
[351]	41	41	-7	-3	-3	-2	det1=true
[352]	41	41	-9	-3	-3	2	det1=true
[353]	27	42	-4	-2	-3	0	det1=true
[354]	36	42	-13	-14	0	-3	det1=true
[355]	33	44	-16	-8	-3	0	det1=true
[356]	42	44	-20	-17	-3	0	det1=true
[357]	13	41	-5	-3	-2	0	det1=true
[358]	30	42	-13	-8	-2	-2	det1=true
[359]	30	42	-15	-8	-2	2	det1=true
[360]	14	44	0	0	-1	-2	det1=true
[361]	27	44	-12	-5	-2	-2	det1=true
[362]	27	44	-14	-5	-2	2	det1=true
[363]	30	44	-13	-2	0	-3	det1=true
[364]	37	43	-17	-4	-1	-3	det1=true
[365]	37	43	-20	-4	-1	3	det1=true
[366]	27	41	-1	1	-3	0	det1=true
[367]	40	41	-5	0	-2	-3	det1=true
[368]	40	41	-8	0	-2	3	det1=true
[369]	26	42	-11	-2	-2	2	det1=true
[370]	27	43	-12	-2	-2	-2	det1=true
[371]	27	43	-14	-2	-2	2	det1=true
[372]	27	43	-4	-5	0	-3	det1=true
[373]	37	43	-15	-9	-1	-3	det1=true
[374]	37	43	-18	-9	-1	3	det1=true
[375]	40	43	-10	0	-3	-2	det1=true
[376]	41	43	-23	-8	-1	3	det1=true
[377]	42	43	-35	0	-2	1	det1=true
[378]	14	44	-2	0	-1	2	det1=true
[379]	37	44	-4	0	-2	-3	det1=true
[380]	37	44	-7	0	-2	3	det1=true
[381]	43	44	-20	-18	0	-3	det1=true
[382]	31	41	-4	-3	-1	-3	det1=true
[383]	16	42	-7	0	-2	-1	det1=true
[384]	26	42	-9	-2	-2	-2	det1=true
[385]	28	43	-10	-9	-2	-2	det1=true
[386]	28	43	-12	-9	-2	2	det1=true
[387]	41	44	-12	-4	-2	-3	det1=true
[388]	41	44	-15	-4	-2	3	det1=true
[389]	18	41	-8	-6	-1	-2	det1=true
[390]	18	41	-10	-6	-1	2	det1=true
[391]	31	41	-5	0	-1	-3	det1=true
[392]	31	41	-8	0	-1	3	det1=true
[393]	37	41	-12	-10	-3	-1	det1=true
[394]	37	41	-13	-10	-3	1	det1=true
[395]	41	41	-18	-8	-1	-3	det1=true
[396]	38	42	-17	-16	-2	-2	det1=true
[397]	38	42	-19	-16	-2	2	det1=true
[398]	28	43	-13	-4	-2	-2	det1=true
[399]	28	43	-15	-4	-2	2	det1=true
[400]	29	43	-3	-1	-3	-1	det1=true
[401]	29	43	-4	-1	-3	1	det1=true
[402]	29	43	-2	-2	-1	-3	det1=true
[403]	29	43	-5	-2	-1	3	det1=true
[404]	37	43	-18	-3	-3	-1	det1=true
[405]	37	43	-19	-3	-3	1	det1=true
[406]	40	43	-12	0	-3	2	det1=true
[407]	43	43	-18	-15	-1	-3	det1=true
[408]	43	43	-21	-15	-1	3	det1=true
[409]	43	43	-15	-6	-3	2	det1=true
[410]	39	44	-9	-2	-2	-3	det1=true
[411]	39	44	-12	-2	-2	3	det1=true
[412]	43	44	-16	-1	-3	-2	det1=true
[413]	43	44	-18	-1	-3	2	det1=true
[414]	31	41	-7	-3	-1	3	det1=true
[415]	41	41	-18	-9	-3	-1	det1=true
[416]	41	41	-19	-9	-3	1	det1=true
[417]	41	41	-17	-10	-1	-3	det1=true
[418]	41	41	-20	-10	-1	3	det1=true
[419]	37	44	-4	-1	-3	-2	det1=true
[420]	37	44	-6	-1	-3	2	det1=true
[421]	24	42	-4	1	-2	-2	det1=true
[422]	24	42	-6	1	-2	2	det1=true
[423]	24	42	-3	-2	-2	-2	det1=true
[424]	24	42	-5	-2	-2	2	det1=true
[425]	28	42	-11	-6	-2	-2	det1=true
[426]	28	42	-13	-6	-2	2	det1=true
[427]	37	43	-17	-6	-3	-1	det1=true
[428]	37	43	-18	-6	-3	1	det1=true
[429]	37	43	-16	-8	-3	-1	det1=true
[430]	37	43	-17	-8	-3	1	det1=true
[431]	38	43	-4	-2	-3	-2	det1=true
[432]	38	43	-6	-2	-3	2	det1=true
[433]	40	43	-8	-5	-3	-2	det1=true
[434]	40	43	-10	-5	-3	2	det1=true
[435]	43	43	-20	-14	-3	1	det1=true
[436]	43	43	-13	-6	-3	-2	det1=true
[437]	23	44	-4	-1	-2	-2	det1=true
[438]	23	44	-6	-1	-2	2	det1=true
[439]	31	41	-5	-2	-3	-1	det1=true
[440]	31	41	-6	-2	-3	1	det1=true
[441]	37	41	-11	-11	-1	-3	det1=true
[442]	37	41	-14	-11	-1	3	det1=true
[443]	41	41	-19	-7	-3	-1	det1=true
[444]	41	41	-20	-7	-3	1	det1=true
[445]	37	43	-16	-7	-1	-3	det1=true
[446]	37	43	-19	-7	-1	3	det1=true
[447]	43	43	-19	-14	-3	-1	det1=true
[448]	12	44	-6	1	-2	0	det1=true
[449]	12	44	-5	0	0	-2	det1=true
[450]	24	44	-7	-2	-2	-2	det1=true
[451]	24	44	-9	-2	-2	2	det1=true
[452]	32	44	-15	-12	-2	-2	det1=true
[453]	32	44	-17	-12	-2	2	det1=true
[454]	40	44	-10	-5	-3	-2	det1=true
[455]	40	44	-12	-5	-3	2	det1=true
[456]	12	41	0	1	-2	0	det1=true
[457]	31	41	-6	1	-3	-1	det1=true
[458]	31	41	-7	1	-3	1	det1=true
[459]	40	42	-8	0	-3	-2	det1=true
[460]	40	42	-10	0	-3	2	det1=true
[461]	24	43	-6	1	-2	-2	det1=true
[462]	24	43	-8	1	-2	2	det1=true
[463]	24	41	0	1	-2	-2	det1=true
[464]	24	41	-2	1	-2	2	det1=true
[465]	15	42	-4	-2	-1	2	det1=true
[466]	15	44	-6	-4	-1	2	det1=true
[467]	15	41	0	1	-2	-1	det1=true
[468]	15	41	-1	1	-2	1	det1=true
[469]	15	43	-5	1	-2	-1	det1=true
[470]	15	44	-4	-4	-1	-2	det1=true
[471]	15	42	-2	-2	-1	-2	det1=true
[472]	3	42	-1	0	0	-1	det1=true
[473]	26	48	-11	-10	-2	-2	det1=true
[474]	26	48	-13	-10	-2	2	det1=true
[475]	46	48	-6	-7	-1	-4	det1=true
[476]	46	48	-10	-7	-1	4	det1=true
[477]	33	45	-13	-13	0	-3	det1=true
[478]	30	46	-13	-8	0	-3	det1=true
[479]	21	47	-1	1	-2	-2	det1=true
[480]	21	47	-3	1	-2	2	det1=true
[481]	42	47	-3	2	-4	0	det1=true
[482]	47	47	-8	-5	-4	-1	det1=true
[483]	47	47	-9	-5	-4	1	det1=true
[484]	26	45	-8	1	-3	0	det1=true
[485]	14	46	-4	-2	-2	-1	det1=true
[486]	14	46	-5	-2	-2	1	det1=true
[487]	26	46	-8	0	0	-3	det1=true
[488]	35	46	-5	0	-2	3	det1=true
[489]	37	46	-6	-6	-2	-3	det1=true
[490]	37	46	-9	-6	-2	3	det1=true
[491]	27	47	-4	-3	-3	-1	det1=true
[492]	27	47	-5	-3	-3	1	det1=true
[493]	35	47	-16	-10	-1	-3	det1=true
[494]	35	47	-19	-10	-1	3	det1=true
[495]	27	48	-12	-11	-2	-2	det1=true
[496]	27	48	-14	-11	-2	2	det1=true
[497]	14	45	-2	-2	-1	-2	det1=true
[498]	14	45	-4	-2	-1	2	det1=true
[499]	27	46	-7	-8	0	-3	det1=true
[500]	32	46	-16	-9	-3	0	det1=true
[501]	35	46	-2	0	-2	-3	det1=true
[502]	42	46	-14	-9	-3	-2	det1=true
[503]	42	46	-16	-9	-3	2	det1=true
[504]	28	47	-9	-10	0	-3	det1=true
[505]	34	47	0	1	-3	-2	det1=true
[506]	34	47	-2	1	-3	2	det1=true
[507]	37	47	-9	-5	-3	-2	det1=true
[508]	37	47	-11	-5	-3	2	det1=true
[509]	13	48	-2	0	-1	-2	det1=true
[510]	13	48	-4	0	-1	2	det1=true
[511]	22	48	-7	-2	-2	-2	det1=true
[512]	22	48	-9	-2	-2	2	det1=true
[513]	25	48	-8	-2	0	-3	det1=true
[514]	29	48	-14	-8	-3	0	det1=true
[515]	48	48	-10	-8	-1	-4	det1=true
[516]	48	48	-14	-8	-1	4	det1=true
[517]	41	46	-16	1	-3	-2	det1=true
[518]	41	46	-18	1	-3	2	det1=true
[519]	23	47	-6	-6	-2	-2	det1=true
[520]	35	47	-5	-2	-3	-2	det1=true
[521]	35	47	-7	-2	-3	2	det1=true
[522]	43	47	-19	-1	-2	-3	det1=true
[523]	43	47	-22	-1	-2	3	det1=true
[524]	35	48	-10	0	-3	2	det1=true
[525]	45	48	-8	2	-4	-1	det1=true
[526]	45	48	-9	2	-4	1	det1=true
[527]	16	45	-8	-6	-2	1	det1=true
[528]	28	45	-13	-8	-2	-2	det1=true
[529]	28	45	-15	-8	-2	2	det1=true
[530]	29	45	-6	-4	-1	-3	det1=true
[531]	31	45	-10	-6	-3	-1	det1=true
[532]	31	45	-11	-6	-3	1	det1=true
[533]	31	45	-9	-7	-1	-3	det1=true
[534]	31	45	-12	-7	-1	3	det1=true
[535]	16	46	-8	-6	-2	-1	det1=true
[536]	41	46	-14	-6	-2	-3	det1=true
[537]	41	46	-17	-6	-2	3	det1=true
[538]	31	47	-11	-8	-1	-3	det1=true
[539]	31	47	-14	-8	-1	3	det1=true
[540]	38	47	-12	-3	-3	-2	det1=true
[541]	45	47	-22	-18	-3	-1	det1=true
[542]	45	47	-23	-18	-3	1	det1=true
[543]	23	48	-10	1	-2	-2	det1=true
[544]	35	48	-8	0	-3	-2	det1=true
[545]	38	48	-14	0	-3	-2	det1=true
[546]	38	48	-16	0	-3	2	det1=true
[547]	23	45	-5	-3	-2	-2	det1=true
[548]	23	45	-7	-3	-2	2	det1=true
[549]	28	45	-8	-8	0	-3	det1=true
[550]	29	45	-7	-3	-3	-1	det1=true
[551]	29	45	-8	-3	-3	1	det1=true
[552]	43	46	-18	0	-2	-3	det1=true
[553]	43	46	-21	0	-2	3	det1=true
[554]	35	47	-17	-9	-3	-1	det1=true
[555]	35	47	-18	-9	-3	1	det1=true
[556]	45	47	-21	-19	-1	-3	det1=true
[557]	45	47	-24	-19	-1	3	det1=true
[558]	29	45	-9	-4	-1	3	det1=true
[559]	38	46	-10	-4	-3	-2	det1=true
[560]	38	46	-12	-4	-3	2	det1=true
[561]	43	46	-18	-3	-3	-2	det1=true
[562]	43	46	-20	-3	-3	2	det1=true
[563]	46	46	-2	-3	-1	-4	det1=true
[564]	46	46	-6	-3	-1	4	det1=true
[565]	29	47	-11	0	-3	-1	det1=true
[566]	29	47	-12	0	-3	1	det1=true
[567]	31	47	-12	-7	-3	-1	det1=true
[568]	31	47	-13	-7	-3	1	det1=true
[569]	38	47	-14	-3	-3	2	det1=true
[570]	41	47	-17	-1	-3	-2	det1=true
[571]	41	47	-19	-1	-3	2	det1=true
[572]	45	47	-3	-1	-1	-4	det1=true
[573]	45	47	-7	-1	-1	4	det1=true
[574]	43	46	-14	-11	-3	-2	det1=true
[575]	43	46	-16	-11	-3	2	det1=true
[576]	44	46	-16	-10	-2	-3	det1=true
[577]	24	47	-8	-7	-2	-2	det1=true
[578]	24	47	-10	-7	-2	2	det1=true
[579]	21	48	-3	-2	-2	-2	det1=true
[580]	21	48	-5	-2	-2	2	det1=true
[581]	44	48	-4	0	-4	-1	det1=true
[582]	44	48	-5	0	-4	1	det1=true
[583]	46	48	-8	-4	-1	-4	det1=true
[584]	46	48	-12	-4	-1	4	det1=true
[585]	48	48	-12	-4	-1	-4	det1=true
[586]	48	48	-16	-4	-1	4	det1=true
[587]	24	45	-8	-3	-2	-2	det1=true
[588]	24	45	-10	-3	-2	2	det1=true
[589]	29	47	-10	-1	-1	-3	det1=true
[590]	29	47	-13	-1	-1	3	det1=true
[591]	44	47	-20	-4	-3	-2	det1=true
[592]	44	47	-16	-12	-3	-2	det1=true
[593]	44	47	-18	-12	-3	2	det1=true
[594]	47	48	-11	-4	-4	-1	det1=true
[595]	47	48	-12	-4	-4	1	det1=true
[596]	24	46	-10	1	-2	-2	det1=true
[597]	44	46	-19	-10	-2	3	det1=true
[598]	12	47	-6	-5	-2	0	det1=true
[599]	44	47	-20	-2	-2	-3	det1=true
[600]	44	47	-23	-2	-2	3	det1=true
[601]	45	48	-7	-2	-4	-1	det1=true
[602]	45	48	-8	-2	-4	1	det1=true
[603]	44	47	-18	-9	-3	-2	det1=true
[604]	44	47	-20	-9	-3	2	det1=true
[605]	24	48	-11	-4	-2	-2	det1=true
[606]	24	48	-13	-4	-2	2	det1=true
[607]	15	48	-7	-6	-2	-1	det1=true
[608]	15	48	-8	-6	-2	1	det1=true
[609]	15	45	-7	-1	-2	-1	det1=true
[610]	42	49	-20	-3	-3	-2	det1=true
[611]	43	50	-11	-6	-4	0	det1=true
[612]	13	51	-5	-3	-1	-2	det1=true
[613]	13	51	-7	-3	-1	2	det1=true
[614]	13	49	-3	-2	-1	-2	det1=true
[615]	13	49	-5	-2	-1	2	det1=true
[616]	34	49	-6	-3	-3	-2	det1=true
[617]	34	49	-8	-3	-3	2	det1=true
[618]	37	50	-10	-10	-2	-3	det1=true
[619]	37	50	-13	-10	-2	3	det1=true
[620]	46	50	-18	-17	-3	-2	det1=true
[621]	46	50	-20	-17	-3	2	det1=true
[622]	50	50	-20	-20	-2	-3	det1=true
[623]	50	50	-23	-20	-2	3	det1=true
[624]	12	52	-2	0	-1	-2	det1=true
[625]	12	52	-4	0	-1	2	det1=true
[626]	31	52	-2	-1	-3	-2	det1=true
[627]	31	52	-4	-1	-3	2	det1=true
[628]	38	52	-16	-8	-3	-2	det1=true
[629]	38	52	-18	-8	-3	2	det1=true
[630]	51	52	-12	1	-2	-4	det1=true
[631]	51	52	-16	1	-2	4	det1=true
[632]	47	49	-19	-16	-3	-2	det1=true
[633]	22	50	-8	-5	-2	-2	det1=true
[634]	22	50	-10	-5	-2	2	det1=true
[635]	35	50	-10	-7	-3	2	det1=true
[636]	38	50	-12	-10	-2	-3	det1=true
[637]	38	50	-15	-10	-2	3	det1=true
[638]	47	51	-11	-4	-3	-3	det1=true
[639]	47	51	-14	-4	-3	3	det1=true
[640]	50	51	-24	-1	-4	0	det1=true
[641]	25	49	-10	-10	-2	-2	det1=true
[642]	37	49	-13	-3	-3	-2	det1=true
[643]	43	49	-19	-9	-3	-2	det1=true
[644]	43	49	-21	-9	-3	2	det1=true
[645]	46	49	-17	2	-4	0	det1=true
[646]	47	49	-21	-16	-3	2	det1=true
[647]	35	50	-8	-7	-3	-2	det1=true
[648]	47	50	-18	-2	-1	4	det1=true
[649]	22	51	-4	1	-3	0	det1=true
[650]	39	51	-19	-18	-3	-1	det1=true
[651]	39	51	-20	-18	-3	1	det1=true
[652]	49	51	-11	-10	-3	-3	det1=true
[653]	49	51	-14	-10	-3	3	det1=true
[654]	44	52	-10	-7	-1	-4	det1=true
[655]	44	52	-14	-7	-1	4	det1=true
[656]	46	52	-24	-16	-2	3	det1=true
[657]	33	49	-3	1	-2	-3	det1=true
[658]	33	49	-6	1	-2	3	det1=true
[659]	37	49	-13	-7	-3	2	det1=true
[660]	41	49	-21	-2	-3	2	det1=true
[661]	42	49	-18	-8	-2	-3	det1=true
[662]	42	49	-21	-8	-2	3	det1=true
[663]	39	50	-15	-8	-2	-3	det1=true
[664]	39	50	-18	-8	-2	3	det1=true
[665]	40	50	-18	-5	-3	-2	det1=true
[666]	40	50	-20	-5	-3	2	det1=true
[667]	44	50	-8	-3	-1	-4	det1=true
[668]	44	50	-12	-3	-1	4	det1=true
[669]	47	50	-14	-2	-1	-4	det1=true
[670]	48	50	-14	-7	-1	-4	det1=true
[671]	48	50	-18	-7	-1	4	det1=true
[672]	33	51	-15	-13	-1	-3	det1=true
[673]	33	51	-18	-13	-1	3	det1=true
[674]	44	51	-10	-3	-1	-4	det1=true
[675]	44	51	-8	-7	-1	-4	det1=true
[676]	44	51	-12	-7	-1	4	det1=true
[677]	51	51	-11	1	-4	-2	det1=true
[678]	51	51	-13	1	-4	2	det1=true
[679]	43	52	-11	-2	-4	-1	det1=true
[680]	43	52	-12	-2	-4	1	det1=true
[681]	46	52	-21	-16	-2	-3	det1=true
[682]	46	52	-15	-6	-4	-1	det1=true
[683]	46	52	-16	-6	-4	1	det1=true
[684]	50	52	-11	2	-4	-2	det1=true
[685]	50	52	-13	2	-4	2	det1=true
[686]	51	52	-16	-15	-1	-4	det1=true
[687]	51	52	-20	-15	-1	4	det1=true
[688]	51	52	-13	2	-4	-2	det1=true
[689]	51	52	-15	2	-4	2	det1=true
[690]	37	49	-11	-7	-3	-2	det1=true
[691]	41	49	-15	-11	-3	-2	det1=true
[692]	41	49	-17	-11	-3	2	det1=true
[693]	46	49	-13	-8	0	-4	det1=true
[694]	32	50	0	0	-2	-3	det1=true
[695]	32	50	-3	0	-2	3	det1=true
[696]	51	51	-7	-7	-2	-4	det1=true
[697]	21	52	-9	-2	-2	-2	det1=true
[698]	21	52	-11	-2	-2	2	det1=true
[699]	33	52	-12	-2	-2	3	det1=true
[700]	38	52	-13	-12	-2	-3	det1=true
[701]	38	52	-16	-12	-2	3	det1=true
[702]	38	49	-14	-4	-2	-3	det1=true
[703]	38	49	-17	-4	-2	3	det1=true
[704]	49	50	-17	-12	-4	0	det1=true
[705]	33	51	-16	-12	-3	-1	det1=true
[706]	33	51	-17	-12	-3	1	det1=true
[707]	41	51	-1	1	-4	-1	det1=true
[708]	41	51	-2	1	-4	1	det1=true
[709]	45	51	-13	-3	-4	-1	det1=true
[710]	45	51	-14	-3	-4	1	det1=true
[711]	33	52	-9	-2	-2	-3	det1=true
[712]	34	52	-8	-8	-2	-3	det1=true
[713]	34	52	-11	-8	-2	3	det1=true
[714]	24	49	-11	-6	-2	-2	det1=true
[715]	24	49	-13	-6	-2	2	det1=true
[716]	37	49	-15	-3	-3	2	det1=true
[717]	49	49	-20	-4	-4	0	det1=true
[718]	42	50	-3	2	-4	-1	det1=true
[719]	42	50	-4	2	-4	1	det1=true
[720]	44	51	-14	-3	-1	4	det1=true
[721]	46	51	-14	-1	-1	-4	det1=true
[722]	46	51	-18	-1	-1	4	det1=true
[723]	51	52	-21	-10	-4	1	det1=true
[724]	43	51	-7	-5	-4	-1	det1=true
[725]	43	51	-8	-5	-4	1	det1=true
[726]	51	51	-19	-8	-1	-4	det1=true
[727]	51	51	-23	-8	-1	4	det1=true
[728]	51	52	-20	-10	-4	-1	det1=true
[729]	50	50	-14	-12	-1	-4	det1=true
[730]	50	50	-18	-12	-1	4	det1=true
[731]	43	51	-17	-15	-3	-2	det1=true
[732]	43	51	-19	-15	-3	2	det1=true
[733]	45	52	-12	-7	-1	-4	det1=true
[734]	45	52	-16	-7	-1	4	det1=true
[735]	50	50	-18	-3	-1	-4	det1=true
[736]	50	50	-22	-3	-1	4	det1=true
[737]	34	52	-12	0	-3	-2	det1=true
[738]	34	52	-14	0	-3	2	det1=true
[739]	20	50	-3	0	-2	-2	det1=true
[740]	44	51	-12	2	-4	-1	det1=true
[741]	44	51	-13	2	-4	1	det1=true
[742]	52	52	-20	-11	-1	-4	det1=true
[743]	52	52	-24	-11	-1	4	det1=true
[744]	51	51	-10	0	-2	-4	det1=true
[745]	51	51	-14	0	-2	4	det1=true
[746]	51	51	-8	-6	-4	-2	det1=true
[747]	32	52	-5	-4	-2	-3	det1=true
[748]	32	52	-8	-4	-2	3	det1=true
[749]	52	52	-24	-2	-4	-1	det1=true
[750]	52	52	-20	-12	-4	-1	det1=true
[751]	52	52	-21	-12	-4	1	det1=true
[752]	5	51	-2	-1	-1	-1	det1=true
[753]	5	51	-3	-1	-1	1	det1=true
[754]	20	51	-5	0	-2	-2	det1=true
[755]	20	51	-7	0	-2	2	det1=true
[756]	34	51	-8	-6	-3	-2	det1=true
[757]	34	51	-10	-6	-3	2	det1=true
[758]	50	51	-21	2	-4	-1	det1=true
[759]	47	51	-19	-4	-1	4	det1=true
[760]	52	52	-23	-6	-4	-1	det1=true
[761]	52	52	-24	-6	-4	1	det1=true
[762]	47	51	-15	-4	-1	-4	det1=true
[763]	23	55	-9	-7	0	-3	det1=true
[764]	45	56	-7	2	-4	-2	det1=true
[765]	45	56	-9	2	-4	2	det1=true
[766]	45	56	-6	1	-2	-4	det1=true
[767]	45	56	-10	1	-2	4	det1=true
[768]	53	56	-15	-14	-4	-2	det1=true
[769]	53	56	-17	-14	-4	2	det1=true
[770]	12	53	-3	-2	-2	-1	det1=true
[771]	12	53	-4	-2	-2	1	det1=true
[772]	50	53	-17	-14	-4	-1	det1=true
[773]	50	53	-18	-14	-4	1	det1=true
[774]	53	53	-16	-6	-4	-2	det1=true
[775]	53	53	-18	-6	-4	2	det1=true
[776]	45	54	-18	2	-4	-1	det1=true
[777]	45	54	-19	2	-4	1	det1=true
[778]	12	55	-4	-4	-1	-2	det1=true
[779]	12	55	-6	-4	-1	2	det1=true
[780]	31	55	-7	-5	-2	-3	det1=true
[781]	31	55	-10	-5	-2	3	det1=true
[782]	43	55	-16	-10	-4	0	det1=true
[783]	54	55	-16	-13	-4	-2	det1=true
[784]	54	55	-18	-13	-4	2	det1=true
[785]	12	53	-4	0	-2	-1	det1=true
[786]	12	53	-5	0	-2	1	det1=true
[787]	45	53	-10	-5	-3	-3	det1=true
[788]	45	53	-13	-5	-3	3	det1=true
[789]	47	54	-8	1	-4	-2	det1=true
[790]	47	54	-10	1	-4	2	det1=true
[791]	47	54	-7	0	-2	-4	det1=true
[792]	47	54	-11	0	-2	4	det1=true
[793]	38	55	-18	-10	-3	-2	det1=true
[794]	38	55	-20	-10	-3	2	det1=true
[795]	39	55	-7	1	-4	-1	det1=true
[796]	39	55	-8	1	-4	1	det1=true
[797]	44	55	-20	-18	-2	-3	det1=true
[798]	44	55	-23	-18	-2	3	det1=true
[799]	45	55	-10	-10	-3	-3	det1=true
[800]	11	56	0	0	-1	-2	det1=true
[801]	11	56	-2	0	-1	2	det1=true
[802]	51	56	-18	1	-2	-4	det1=true
[803]	51	56	-22	1	-2	4	det1=true
[804]	56	56	-21	-12	-4	-2	det1=true
[805]	56	56	-23	-12	-4	2	det1=true
[806]	41	53	-18	-13	-2	-3	det1=true
[807]	41	53	-21	-13	-2	3	det1=true
[808]	48	53	-20	-4	-4	-1	det1=true
[809]	48	53	-18	-7	-1	-4	det1=true
[810]	48	53	-22	-7	-1	4	det1=true
[811]	53	53	-24	-9	-4	-1	det1=true
[812]	53	53	-25	-9	-4	1	det1=true
[813]	41	54	-9	-4	-4	-1	det1=true
[814]	41	54	-10	-4	-4	1	det1=true
[815]	48	54	-9	-4	-4	-2	det1=true
[816]	48	54	-11	-4	-4	2	det1=true
[817]	25	55	-10	-6	-3	1	det1=true
[818]	35	55	-13	-10	-3	-2	det1=true
[819]	35	55	-15	-10	-3	2	det1=true
[820]	38	55	-1	2	-4	-1	det1=true
[821]	38	55	-2	2	-4	1	det1=true
[822]	45	55	-17	-7	-4	-1	det1=true
[823]	45	55	-18	-7	-4	1	det1=true
[824]	46	55	-18	-6	-1	-4	det1=true
[825]	46	55	-22	-6	-1	4	det1=true
[826]	46	55	-6	-3	-4	-2	det1=true
[827]	46	55	-8	-3	-4	2	det1=true
[828]	54	55	-15	-14	-2	-4	det1=true
[829]	54	55	-19	-14	-2	4	det1=true
[830]	55	55	-19	-11	-4	-2	det1=true
[831]	55	55	-21	-11	-4	2	det1=true
[832]	18	56	-4	1	-2	-2	det1=true
[833]	18	56	-6	1	-2	2	det1=true
[834]	51	56	-15	-10	-4	-2	det1=true
[835]	51	56	-17	-10	-4	2	det1=true
[836]	25	53	-11	-2	-1	3	det1=true
[837]	27	53	-13	-3	-3	-1	det1=true
[838]	27	53	-14	-3	-3	1	det1=true
[839]	43	53	-10	-7	-4	-1	det1=true
[840]	43	53	-11	-7	-4	1	det1=true
[841]	47	53	-17	-6	-1	-4	det1=true
[842]	48	53	-21	-4	-4	1	det1=true
[843]	50	53	-21	-8	-4	-1	det1=true
[844]	50	53	-11	-4	-2	-4	det1=true
[845]	50	53	-15	-4	-2	4	det1=true
[846]	51	53	-19	-7	-3	-3	det1=true
[847]	51	53	-22	-7	-3	3	det1=true
[848]	43	54	-10	-9	-1	-4	det1=true
[849]	43	54	-14	-9	-1	4	det1=true
[850]	44	54	-16	-2	-4	-1	det1=true
[851]	44	54	-17	-2	-4	1	det1=true
[852]	25	55	-9	-6	-3	-1	det1=true
[853]	29	55	-13	-12	-1	-3	det1=true
[854]	29	55	-16	-12	-1	3	det1=true
[855]	33	55	-15	-5	-2	3	det1=true
[856]	18	56	-3	-2	-2	-2	det1=true
[857]	18	56	-5	-2	-2	2	det1=true
[858]	30	56	-10	0	-3	2	det1=true
[859]	56	56	-8	1	-5	0	det1=true
[860]	56	56	-6	0	-3	-4	det1=true
[861]	56	56	-10	0	-3	4	det1=true
[862]	25	53	-9	-1	-3	-1	det1=true
[863]	25	53	-10	-1	-3	1	det1=true
[864]	27	53	-12	-4	-1	-3	det1=true
[865]	27	53	-15	-4	-1	3	det1=true
[866]	31	53	-5	-1	-2	-3	det1=true
[867]	31	53	-8	-1	-2	3	det1=true
[868]	35	53	-15	0	-3	-2	det1=true
[869]	35	53	-17	0	-3	2	det1=true
[870]	45	53	-16	-3	-4	-1	det1=true
[871]	45	53	-17	-3	-4	1	det1=true
[872]	21	54	-4	-2	-3	0	det1=true
[873]	39	54	-2	-1	-1	-4	det1=true
[874]	39	54	-6	-1	-1	4	det1=true
[875]	40	54	-8	2	-4	-1	det1=true
[876]	40	54	-9	2	-4	1	det1=true
[877]	45	54	-17	-4	-4	-1	det1=true
[878]	45	54	-18	-4	-4	1	det1=true
[879]	47	54	-17	-10	-4	-1	det1=true
[880]	47	54	-18	-10	-4	1	det1=true
[881]	48	54	-20	-4	-1	-4	det1=true
[882]	48	54	-24	-4	-1	4	det1=true
[883]	23	55	-4	-2	-1	-3	det1=true
[884]	23	55	-7	-2	-1	3	det1=true
[885]	33	55	-12	-5	-2	-3	det1=true
[886]	34	55	-15	0	-2	-3	det1=true
[887]	34	55	-18	0	-2	3	det1=true
[888]	35	55	-15	-7	-3	-2	det1=true
[889]	35	55	-17	-7	-3	2	det1=true
[890]	43	55	-12	-9	-4	-1	det1=true
[891]	43	55	-13	-9	-4	1	det1=true
[892]	46	55	-5	-4	-2	-4	det1=true
[893]	46	55	-9	-4	-2	4	det1=true
[894]	55	55	-18	-12	-2	-4	det1=true
[895]	55	55	-22	-12	-2	4	det1=true
[896]	30	56	-8	0	-3	-2	det1=true
[897]	47	56	-22	-21	-3	-2	det1=true
[898]	47	56	-24	-21	-3	2	det1=true
[899]	48	56	-12	-5	-2	-4	det1=true
[900]	48	56	-16	-5	-2	4	det1=true
[901]	21	53	-8	-6	-2	-2	det1=true
[902]	21	53	-10	-6	-2	2	det1=true
[903]	38	53	-18	-6	-3	-2	det1=true
[904]	38	53	-20	-6	-3	2	det1=true
[905]	47	53	-21	-6	-1	4	det1=true
[906]	48	53	-16	-11	-1	-4	det1=true
[907]	48	53	-20	-11	-1	4	det1=true
[908]	50	53	-22	-8	-4	1	det1=true
[909]	53	53	-23	-11	-4	-1	det1=true
[910]	53	53	-24	-11	-4	1	det1=true
[911]	40	54	-7	-2	-4	-1	det1=true
[912]	40	54	-8	-2	-4	1	det1=true
[913]	48	54	-8	-5	-2	-4	det1=true
[914]	48	54	-12	-5	-2	4	det1=true
[915]	50	54	-11	-8	-4	-2	det1=true
[916]	50	54	-13	-8	-4	2	det1=true
[917]	51	54	-22	-9	-1	-4	det1=true
[918]	51	54	-26	-9	-1	4	det1=true
[919]	51	54	-20	-13	-1	-4	det1=true
[920]	51	54	-18	-16	-4	-1	det1=true
[921]	51	54	-19	-16	-4	1	det1=true
[922]	25	55	-11	-7	-1	3	det1=true
[923]	29	55	-14	-11	-3	-1	det1=true
[924]	29	55	-15	-11	-3	1	det1=true
[925]	40	55	-8	-3	-1	-4	det1=true
[926]	40	55	-12	-3	-1	4	det1=true
[927]	52	55	-18	-1	-2	-4	det1=true
[928]	52	55	-22	-1	-2	4	det1=true
[929]	19	56	-8	1	-2	-2	det1=true
[930]	19	56	-10	1	-2	2	det1=true
[931]	31	56	-8	-6	-2	-3	det1=true
[932]	31	56	-11	-6	-2	3	det1=true
[933]	37	56	-16	-12	-2	-3	det1=true
[934]	37	56	-19	-12	-2	3	det1=true
[935]	48	56	-13	-4	-4	-2	det1=true
[936]	48	56	-15	-4	-4	2	det1=true
[937]	51	56	-14	-11	-2	-4	det1=true
[938]	51	56	-18	-11	-2	4	det1=true
[939]	25	53	-8	-2	-1	-3	det1=true
[940]	34	53	-11	-6	-2	-3	det1=true
[941]	34	53	-14	-6	-2	3	det1=true
[942]	44	53	-15	0	-4	-1	det1=true
[943]	44	53	-16	0	-4	1	det1=true
[944]	53	53	-15	-7	-2	-4	det1=true
[945]	41	54	-10	-2	-4	-1	det1=true
[946]	41	54	-11	-2	-4	1	det1=true
[947]	46	54	-16	-8	-1	-4	det1=true
[948]	46	54	-20	-8	-1	4	det1=true
[949]	51	54	-24	-13	-1	4	det1=true
[950]	23	55	-5	-1	-3	-1	det1=true
[951]	23	55	-6	-1	-3	1	det1=true
[952]	32	55	-10	-5	-3	-2	det1=true
[953]	32	55	-12	-5	-3	2	det1=true
[954]	42	55	-20	-15	-3	-2	det1=true
[955]	42	55	-22	-15	-3	2	det1=true
[956]	46	55	-18	-8	-4	-1	det1=true
[957]	46	55	-19	-8	-4	1	det1=true
[958]	48	55	-23	2	-4	-1	det1=true
[959]	54	55	-22	-17	-1	-4	det1=true
[960]	54	55	-26	-17	-1	4	det1=true
[961]	29	56	-4	0	-3	-2	det1=true
[962]	29	56	-6	0	-3	2	det1=true
[963]	46	54	-19	-2	-4	-1	det1=true
[964]	46	54	-20	-2	-4	1	det1=true
[965]	38	56	-16	-14	-2	-3	det1=true
[966]	38	56	-19	-14	-2	3	det1=true
[967]	51	56	-19	2	-4	-2	det1=true
[968]	51	56	-21	2	-4	2	det1=true
[969]	56	56	-20	-13	-2	-4	det1=true
[970]	56	56	-24	-13	-2	4	det1=true
[971]	56	56	-4	-4	-3	-4	det1=true
[972]	56	56	-8	-4	-3	4	det1=true
[973]	43	53	-13	-1	-4	-1	det1=true
[974]	43	53	-14	-1	-4	1	det1=true
[975]	45	53	-13	-8	-1	-4	det1=true
[976]	45	53	-17	-8	-1	4	det1=true
[977]	48	53	-21	-20	-2	-3	det1=true
[978]	48	53	-24	-20	-2	3	det1=true
[979]	49	53	-23	-19	-2	-3	det1=true
[980]	49	53	-26	-19	-2	3	det1=true
[981]	53	53	-19	-7	-2	4	det1=true
[982]	51	54	-15	-2	-2	-4	det1=true
[983]	51	54	-19	-2	-2	4	det1=true
[984]	51	54	-16	-1	-4	-2	det1=true
[985]	51	54	-18	-1	-4	2	det1=true
[986]	25	55	-8	-7	-1	-3	det1=true
[987]	39	55	-12	-4	-4	0	det1=true
[988]	52	55	-19	0	-4	-2	det1=true
[989]	52	55	-21	0	-4	2	det1=true
[990]	41	56	-12	-3	-1	-4	det1=true
[991]	41	56	-16	-3	-1	4	det1=true
[992]	37	55	-15	-12	-3	-2	det1=true
[993]	37	55	-17	-12	-3	2	det1=true
[994]	47	55	-16	-13	-4	-1	det1=true
[995]	47	55	-17	-13	-4	1	det1=true
[996]	51	55	-17	-3	-4	-2	det1=true
[997]	51	55	-19	-3	-4	2	det1=true
[998]	49	56	-11	-10	-4	-2	det1=true
[999]	49	56	-13	-10	-4	2	det1=true
[1000]	32	53	-8	-2	-2	-3	det1=true
[1001]	32	53	-11	-2	-2	3	det1=true
[1002]	51	54	-25	-2	-4	-1	det1=true
[1003]	20	55	-8	-5	-2	-2	det1=true
[1004]	47	55	-19	-7	-1	-4	det1=true
[1005]	47	55	-23	-7	-1	4	det1=true
[1006]	50	54	-10	-9	-2	-4	det1=true
[1007]	50	54	-14	-9	-2	4	det1=true
[1008]	56	56	-25	0	-4	-2	det1=true
[1009]	56	56	-27	0	-4	2	det1=true
[1010]	50	53	-12	-3	-4	-2	det1=true
[1011]	50	53	-14	-3	-4	2	det1=true
[1012]	29	57	-6	1	-2	-3	det1=true
[1013]	29	57	-9	1	-2	3	det1=true
[1014]	37	57	-10	0	0	-4	det1=true
[1015]	57	57	-26	-2	-2	-4	det1=true
[1016]	57	57	-30	-2	-2	4	det1=true
[1017]	54	58	-22	-9	-2	-4	det1=true
[1018]	54	58	-26	-9	-2	4	det1=true
[1019]	39	59	-8	1	-3	-3	det1=true
[1020]	39	59	-11	1	-3	3	det1=true
[1021]	11	57	-3	1	-2	-1	det1=true
[1022]	11	57	-4	1	-2	1	det1=true
[1023]	48	57	-22	-8	-1	-4	det1=true
[1024]	48	57	-26	-8	-1	4	det1=true
[1025]	36	58	0	2	-4	-1	det1=true
[1026]	36	58	-1	2	-4	1	det1=true
[1027]	37	58	-10	-7	-4	0	det1=true
[1028]	47	58	-18	-19	0	-4	det1=true
[1029]	27	59	-13	-12	-3	-1	det1=true
[1030]	27	59	-14	-12	-3	1	det1=true
[1031]	36	60	-8	2	-4	-1	det1=true
[1032]	36	60	-9	2	-4	1	det1=true
[1033]	37	57	-12	2	-4	0	det1=true
[1034]	39	58	-10	-6	-4	-1	det1=true
[1035]	39	58	-11	-6	-4	1	det1=true
[1036]	55	58	-26	-18	-4	-1	det1=true
[1037]	55	58	-27	-18	-4	1	det1=true
[1038]	11	59	-5	-1	-2	-1	det1=true
[1039]	11	59	-6	-1	-2	1	det1=true
[1040]	17	59	-3	-1	-2	-2	det1=true
[1041]	17	59	-5	-1	-2	2	det1=true
[1042]	31	59	-13	-9	-2	3	det1=true
[1043]	36	59	-4	-2	-4	-1	det1=true
[1044]	36	59	-5	-2	-4	1	det1=true
[1045]	47	59	-21	-12	-1	-4	det1=true
[1046]	47	59	-25	-12	-1	4	det1=true
[1047]	59	59	-23	-19	-2	-4	det1=true
[1048]	59	59	-27	-19	-2	4	det1=true
[1049]	59	59	-10	-11	-1	-5	det1=true
[1050]	59	59	-15	-11	-1	5	det1=true
[1051]	18	60	-8	-3	-2	-2	det1=true
[1052]	18	60	-10	-3	-2	2	det1=true
[1053]	37	60	-11	2	-4	-1	det1=true
[1054]	37	60	-12	2	-4	1	det1=true
[1055]	41	60	-1	2	-4	-2	det1=true
[1056]	41	60	-3	2	-4	2	det1=true
[1057]	32	57	-14	0	-3	-2	det1=true
[1058]	32	57	-16	0	-3	2	det1=true
[1059]	39	57	-10	-3	-4	-1	det1=true
[1060]	39	57	-11	-3	-4	1	det1=true
[1061]	45	57	-17	-2	-3	-3	det1=true
[1062]	45	57	-20	-2	-3	3	det1=true
[1063]	49	57	-15	-7	-4	-2	det1=true
[1064]	49	57	-17	-7	-4	2	det1=true
[1065]	52	57	-23	-16	-4	-1	det1=true
[1066]	52	57	-24	-16	-4	1	det1=true
[1067]	53	57	-21	-5	-2	-4	det1=true
[1068]	53	57	-21	-7	-4	-2	det1=true
[1069]	57	57	-7	2	-5	-1	det1=true
[1070]	57	57	-8	2	-5	1	det1=true
[1071]	32	58	-13	-6	-2	-3	det1=true
[1072]	32	58	-16	-6	-2	3	det1=true
[1073]	48	58	-23	-10	-4	-1	det1=true
[1074]	54	58	-23	-8	-4	-2	det1=true
[1075]	54	58	-25	-8	-4	2	det1=true
[1076]	57	58	-24	-13	-4	-2	det1=true
[1077]	23	59	-10	-7	-1	3	det1=true
[1078]	25	59	-12	-8	-3	-1	det1=true
[1079]	25	59	-13	-8	-3	1	det1=true
[1080]	31	59	-10	-9	-2	-3	det1=true
[1081]	32	59	-13	-8	-2	-3	det1=true
[1082]	35	59	-15	-13	-2	-3	det1=true
[1083]	35	59	-18	-13	-2	3	det1=true
[1084]	39	59	-11	-7	-4	-1	det1=true
[1085]	39	59	-12	-7	-4	1	det1=true
[1086]	48	59	-25	-10	-4	1	det1=true
[1087]	54	59	-19	-16	-2	-4	det1=true
[1088]	54	59	-23	-16	-2	4	det1=true
[1089]	40	60	-14	-7	-1	-4	det1=true
[1090]	29	57	-7	-3	-3	2	det1=true
[1091]	41	57	-15	-1	-4	-1	det1=true
[1092]	41	57	-16	-1	-4	1	det1=true
[1093]	43	57	-13	-4	-3	-3	det1=true
[1094]	43	57	-16	-4	-3	3	det1=true
[1095]	44	57	-20	2	-4	-1	det1=true
[1096]	44	57	-21	2	-4	1	det1=true
[1097]	44	57	-8	-3	-2	4	det1=true
[1098]	49	57	-14	-8	-2	-4	det1=true
[1099]	49	57	-18	-8	-2	4	det1=true
[1100]	50	57	-23	-14	-4	1	det1=true
[1101]	37	58	-6	-2	-4	-1	det1=true
[1102]	37	58	-7	-2	-4	1	det1=true
[1103]	41	58	-19	-18	-2	-3	det1=true
[1104]	41	58	-22	-18	-2	3	det1=true
[1105]	43	58	-22	-2	-1	4	det1=true
[1106]	45	58	-22	-2	-4	-1	det1=true
[1107]	45	58	-23	-2	-4	1	det1=true
[1108]	54	58	-25	2	-4	-2	det1=true
[1109]	54	58	-27	2	-4	2	det1=true
[1110]	28	59	-6	-1	-3	-2	det1=true
[1111]	28	59	-8	-1	-3	2	det1=true
[1112]	28	60	-8	0	-3	-2	det1=true
[1113]	28	60	-10	0	-3	2	det1=true
[1114]	36	60	-7	-2	-4	-1	det1=true
[1115]	36	60	-8	-2	-4	1	det1=true
[1116]	40	60	-18	-7	-1	4	det1=true
[1117]	46	60	-18	-16	-1	-4	det1=true
[1118]	46	60	-22	-16	-1	4	det1=true
[1119]	19	57	-7	-5	-2	-2	det1=true
[1120]	19	57	-9	-5	-2	2	det1=true
[1121]	29	57	-5	-3	-3	-2	det1=true
[1122]	37	57	-3	-1	-4	-1	det1=true
[1123]	37	57	-4	-1	-4	1	det1=true
[1124]	42	57	-17	2	-4	-1	det1=true
[1125]	42	57	-18	2	-4	1	det1=true
[1126]	43	57	-17	-1	-1	-4	det1=true
[1127]	43	57	-21	-1	-1	4	det1=true
[1128]	44	57	-4	-3	-2	-4	det1=true
[1129]	57	57	-27	-1	-4	-2	det1=true
[1130]	57	57	-29	-1	-4	2	det1=true
[1131]	18	58	-5	-4	-2	-2	det1=true
[1132]	18	58	-7	-4	-2	2	det1=true
[1133]	39	58	-10	-5	-1	-4	det1=true
[1134]	39	58	-14	-5	-1	4	det1=true
[1135]	43	58	-18	-2	-1	-4	det1=true
[1136]	46	58	-13	-2	-4	-2	det1=true
[1137]	57	58	-23	-14	-2	-4	det1=true
[1138]	58	58	-24	-24	-1	-4	det1=true
[1139]	58	58	-28	-24	-1	4	det1=true
[1140]	28	59	-4	-4	-2	-3	det1=true
[1141]	28	59	-7	-4	-2	3	det1=true
[1142]	32	59	-16	-8	-2	3	det1=true
[1143]	41	59	-14	-9	-4	-1	det1=true
[1144]	41	59	-15	-9	-4	1	det1=true
[1145]	58	59	-12	-11	-3	-4	det1=true
[1146]	58	59	-16	-11	-3	4	det1=true
[1147]	11	60	-4	-4	-1	-2	det1=true
[1148]	11	60	-6	-4	-1	2	det1=true
[1149]	35	60	-3	2	-4	-1	det1=true
[1150]	35	60	-4	2	-4	1	det1=true
[1151]	48	60	-17	-8	-4	-2	det1=true
[1152]	48	60	-19	-8	-4	2	det1=true
[1153]	50	60	-18	-11	-2	-4	det1=true
[1154]	50	60	-22	-11	-2	4	det1=true
[1155]	53	60	-18	-17	-2	-4	det1=true
[1156]	53	60	-22	-17	-2	4	det1=true
[1157]	53	60	-9	2	-4	-3	det1=true
[1158]	53	60	-12	2	-4	3	det1=true
[1159]	60	60	-3	-2	-2	-5	det1=true
[1160]	60	60	-8	-2	-2	5	det1=true
[1161]	21	57	-7	-5	-3	0	det1=true
[1162]	37	57	-4	1	-4	-1	det1=true
[1163]	37	57	-5	1	-4	1	det1=true
[1164]	38	57	-6	-4	-4	-1	det1=true
[1165]	38	57	-7	-4	-4	1	det1=true
[1166]	40	57	-12	-4	-4	-1	det1=true
[1167]	40	57	-13	-4	-4	1	det1=true
[1168]	42	57	-12	-10	-1	-4	det1=true
[1169]	42	57	-16	-10	-1	4	det1=true
[1170]	44	57	-18	-4	-1	-4	det1=true
[1171]	44	57	-22	-4	-1	4	det1=true
[1172]	57	57	-25	-7	-2	-4	det1=true
[1173]	32	58	-12	-8	-3	-2	det1=true
[1174]	32	58	-14	-8	-3	2	det1=true
[1175]	37	58	-8	-9	0	-4	det1=true
[1176]	40	58	-11	-8	-4	-1	det1=true
[1177]	40	58	-12	-8	-4	1	det1=true
[1178]	43	58	-18	-6	-4	-1	det1=true
[1179]	43	58	-19	-6	-4	1	det1=true
[1180]	55	58	-8	-3	-3	-4	det1=true
[1181]	55	58	-12	-3	-3	4	det1=true
[1182]	55	58	-6	-6	-3	-4	det1=true
[1183]	55	58	-10	-6	-3	4	det1=true
[1184]	23	59	-7	-7	-1	-3	det1=true
[1185]	36	59	-8	0	-1	4	det1=true
[1186]	38	59	-9	-6	-4	-1	det1=true
[1187]	38	59	-10	-6	-4	1	det1=true
[1188]	40	59	-16	2	-4	-1	det1=true
[1189]	40	59	-17	2	-4	1	det1=true
[1190]	41	59	-17	-3	-4	-1	det1=true
[1191]	41	59	-18	-3	-4	1	det1=true
[1192]	45	59	-18	-13	-4	-1	det1=true
[1193]	45	59	-19	-13	-4	1	det1=true
[1194]	48	59	-20	-16	-4	-1	det1=true
[1195]	52	59	-22	-5	-2	-4	det1=true
[1196]	52	59	-26	-5	-2	4	det1=true
[1197]	54	59	-26	1	-4	-2	det1=true
[1198]	54	59	-28	1	-4	2	det1=true
[1199]	56	59	-26	-7	-2	-4	det1=true
[1200]	56	59	-30	-7	-2	4	det1=true
[1201]	56	59	-10	-8	-3	-4	det1=true
[1202]	56	59	-14	-8	-3	4	det1=true
[1203]	57	59	-23	-22	-3	-3	det1=true
[1204]	57	59	-26	-22	-3	3	det1=true
[1205]	39	60	-12	-7	-1	-4	det1=true
[1206]	39	60	-16	-7	-1	4	det1=true
[1207]	45	60	-13	-8	-4	2	det1=true
[1208]	57	60	-32	-7	-2	4	det1=true
[1209]	45	57	-11	-1	-4	2	det1=true
[1210]	45	57	-8	-2	-2	-4	det1=true
[1211]	45	57	-12	-2	-2	4	det1=true
[1212]	49	57	-17	-14	-3	-3	det1=true
[1213]	49	57	-20	-14	-3	3	det1=true
[1214]	50	57	-14	-11	-4	-2	det1=true
[1215]	43	58	-17	-8	-4	-1	det1=true
[1216]	43	58	-18	-8	-4	1	det1=true
[1217]	43	58	-14	-12	-4	-1	det1=true
[1218]	43	58	-15	-12	-4	1	det1=true
[1219]	41	59	-15	-6	-1	-4	det1=true
[1220]	41	59	-19	-6	-1	4	det1=true
[1221]	48	59	-21	-16	-4	1	det1=true
[1222]	50	59	-21	-18	-4	-1	det1=true
[1223]	53	59	-6	1	-4	-3	det1=true
[1224]	54	59	-20	-15	-4	-2	det1=true
[1225]	59	59	-12	-9	-5	-1	det1=true
[1226]	59	59	-13	-9	-5	1	det1=true
[1227]	38	60	-12	-4	-4	-1	det1=true
[1228]	38	60	-13	-4	-4	1	det1=true
[1229]	41	60	-16	-8	-4	-1	det1=true
[1230]	41	60	-17	-8	-4	1	det1=true
[1231]	44	57	-5	-2	-4	-2	det1=true
[1232]	44	57	-7	-2	-4	2	det1=true
[1233]	45	57	-9	-1	-4	-2	det1=true
[1234]	46	57	-16	-14	-1	-4	det1=true
[1235]	46	57	-20	-14	-1	4	det1=true
[1236]	50	57	-22	-14	-4	-1	det1=true
[1237]	50	57	-16	-11	-4	2	det1=true
[1238]	55	57	-20	-20	-3	-3	det1=true
[1239]	57	57	-26	-6	-4	-2	det1=true
[1240]	57	57	-28	-6	-4	2	det1=true
[1241]	28	58	-6	0	-3	2	det1=true
[1242]	23	59	-8	-6	-3	-1	det1=true
[1243]	23	59	-9	-6	-3	1	det1=true
[1244]	25	59	-11	-9	-1	-3	det1=true
[1245]	25	59	-14	-9	-1	3	det1=true
[1246]	29	59	-9	-1	-2	-3	det1=true
[1247]	29	59	-12	-1	-2	3	det1=true
[1248]	34	59	-14	-12	-2	-3	det1=true
[1249]	34	59	-17	-12	-2	3	det1=true
[1250]	36	59	-4	0	-1	-4	det1=true
[1251]	50	59	-22	-18	-4	1	det1=true
[1252]	57	59	-25	-23	-4	-1	det1=true
[1253]	57	59	-26	-23	-4	1	det1=true
[1254]	57	60	-28	-22	-4	1	det1=true
[1255]	54	57	-22	-20	-4	-1	det1=true
[1256]	54	57	-23	-20	-4	1	det1=true
[1257]	28	58	-4	0	-3	-2	det1=true
[1258]	49	58	-17	-4	-2	-4	det1=true
[1259]	49	58	-21	-4	-2	4	det1=true
[1260]	54	58	-24	1	-2	-4	det1=true
[1261]	54	58	-28	1	-2	4	det1=true
[1262]	43	59	-16	-3	-3	-3	det1=true
[1263]	43	59	-19	-3	-3	3	det1=true
[1264]	53	59	-9	1	-4	3	det1=true
[1265]	55	59	-11	-1	-3	-4	det1=true
[1266]	59	59	-24	-18	-4	-2	det1=true
[1267]	59	59	-26	-18	-4	2	det1=true
[1268]	45	60	-11	-8	-4	-2	det1=true
[1269]	53	60	-19	-16	-4	-2	det1=true
[1270]	53	60	-21	-16	-4	2	det1=true
[1271]	57	57	-5	0	-1	-5	det1=true
[1272]	57	57	-10	0	-1	5	det1=true
[1273]	35	59	-8	-4	-4	0	det1=true
[1274]	47	59	-21	-6	-3	-3	det1=true
[1275]	47	59	-24	-6	-3	3	det1=true
[1276]	31	60	-12	-8	-2	-3	det1=true
[1277]	31	60	-15	-8	-2	3	det1=true
[1278]	48	60	-16	-9	-2	-4	det1=true
[1279]	48	60	-20	-9	-2	4	det1=true
[1280]	46	58	-12	-3	-2	-4	det1=true
[1281]	48	58	-17	0	-4	-2	det1=true
[1282]	48	58	-19	0	-4	2	det1=true
[1283]	55	59	-15	-1	-3	4	det1=true
[1284]	45	60	-10	-9	-2	-4	det1=true
[1285]	45	60	-14	-9	-2	4	det1=true
[1286]	55	57	-6	-1	-4	-3	det1=true
[1287]	55	57	-9	-1	-4	3	det1=true
[1288]	57	60	-27	-22	-4	-1	det1=true
[1289]	50	57	-13	-12	-2	-4	det1=true
[1290]	50	57	-17	-12	-2	4	det1=true
[1291]	51	57	-25	-11	-4	-1	det1=true
[1292]	51	57	-26	-11	-4	1	det1=true
[1293]	59	59	-38	-17	-2	-3	det1=true
[1294]	59	59	-41	-17	-2	3	det1=true
[1295]	49	60	-20	1	-2	-4	det1=true
[1296]	49	60	-24	1	-2	4	det1=true
[1297]	41	60	0	1	-2	-4	det1=true
[1298]	41	60	-4	1	-2	4	det1=true
[1299]	50	60	-19	-10	-4	-2	det1=true
[1300]	50	60	-21	-10	-4	2	det1=true
[1301]	23	61	-11	-5	-3	-1	det1=true
[1302]	44	62	-20	-12	-1	-4	det1=true
[1303]	44	62	-24	-12	-1	4	det1=true
[1304]	64	64	-24	-18	0	-5	det1=true
[1305]	37	61	-11	0	-1	-4	det1=true
[1306]	37	61	-15	0	-1	4	det1=true
[1307]	39	61	-11	-2	-3	-3	det1=true
[1308]	39	61	-14	-2	-3	3	det1=true
[1309]	55	61	-15	-2	-1	5	det1=true
[1310]	45	63	-19	-17	-1	-4	det1=true
[1311]	45	63	-23	-17	-1	4	det1=true
[1312]	39	64	-5	0	-4	-2	det1=true
[1313]	39	64	-7	0	-4	2	det1=true
[1314]	61	64	-21	0	-2	5	det1=true
[1315]	46	61	-21	-14	-4	-1	det1=true
[1316]	46	61	-22	-14	-4	1	det1=true
[1317]	61	61	-15	-1	-2	5	det1=true
[1318]	50	62	-3	0	0	-5	det1=true
[1319]	52	63	-25	-10	-4	-2	det1=true
[1320]	52	63	-27	-10	-4	2	det1=true
[1321]	55	63	-11	-9	-1	-5	det1=true
[1322]	55	63	-16	-9	-1	5	det1=true
[1323]	59	63	-10	1	-2	-5	det1=true
[1324]	59	63	-15	1	-2	5	det1=true
[1325]	63	63	-25	-4	-1	-5	det1=true
[1326]	63	63	-30	-4	-1	5	det1=true
[1327]	40	64	-18	-8	-1	-4	det1=true
[1328]	40	64	-22	-8	-1	4	det1=true
[1329]	43	64	-12	-9	-2	-4	det1=true
[1330]	43	64	-16	-9	-2	4	det1=true
[1331]	52	64	-25	-12	-4	-2	det1=true
[1332]	52	64	-27	-12	-4	2	det1=true
[1333]	54	64	-25	-16	-4	-2	det1=true
[1334]	54	64	-27	-16	-4	2	det1=true
[1335]	59	64	-18	-16	-3	-4	det1=true
[1336]	59	64	-22	-16	-3	4	det1=true
[1337]	61	64	-16	0	-2	-5	det1=true
[1338]	63	64	-28	-25	-2	-4	det1=true
[1339]	63	64	-32	-25	-2	4	det1=true
[1340]	63	64	-16	-11	-5	-2	det1=true
[1341]	63	64	-18	-11	-5	2	det1=true
[1342]	36	61	-8	-4	-4	-1	det1=true
[1343]	36	61	-9	-4	-4	1	det1=true
[1344]	44	61	-16	-16	-1	-4	det1=true
[1345]	44	61	-20	-16	-1	4	det1=true
[1346]	45	61	-16	2	-4	-2	det1=true
[1347]	45	61	-18	2	-4	2	det1=true
[1348]	55	61	-10	-2	-1	-5	det1=true
[1349]	55	61	-7	-8	-1	-5	det1=true
[1350]	55	61	-12	-8	-1	5	det1=true
[1351]	61	61	-24	1	-4	-3	det1=true
[1352]	61	61	-27	1	-4	3	det1=true
[1353]	30	62	-12	-8	-2	-3	det1=true
[1354]	30	62	-15	-8	-2	3	det1=true
[1355]	36	62	-10	0	-1	-4	det1=true
[1356]	36	62	-14	0	-1	4	det1=true
[1357]	51	62	-9	-4	-4	3	det1=true
[1358]	53	62	-10	-7	-3	-4	det1=true
[1359]	53	62	-14	-7	-3	4	det1=true
[1360]	38	63	-17	2	-4	-1	det1=true
[1361]	38	63	-18	2	-4	1	det1=true
[1362]	46	63	-20	-7	-4	2	det1=true
[1363]	47	63	-19	-7	-2	-4	det1=true
[1364]	47	63	-23	-7	-2	4	det1=true
[1365]	47	63	-17	-11	-2	-4	det1=true
[1366]	47	63	-21	-11	-2	4	det1=true
[1367]	51	63	-2	0	-1	-5	det1=true
[1368]	51	63	-7	0	-1	5	det1=true
[1369]	55	63	-14	0	-1	-5	det1=true
[1370]	55	63	-19	0	-1	5	det1=true
[1371]	57	63	-18	-5	-5	-1	det1=true
[1372]	57	63	-19	-5	-5	1	det1=true
[1373]	59	63	-16	-13	-1	-5	det1=true
[1374]	59	63	-21	-13	-1	5	det1=true
[1375]	60	63	-17	-2	-2	5	det1=true
[1376]	61	63	-23	0	-1	-5	det1=true
[1377]	61	63	-28	0	-1	5	det1=true
[1378]	63	63	-27	-25	-4	-2	det1=true
[1379]	63	63	-29	-25	-4	2	det1=true
[1380]	29	64	-13	-6	-2	-3	det1=true
[1381]	29	64	-16	-6	-2	3	det1=true
[1382]	42	64	-13	-4	-4	-2	det1=true
[1383]	42	64	-15	-4	-4	2	det1=true
[1384]	49	64	-20	-13	-2	-4	det1=true
[1385]	49	64	-24	-13	-2	4	det1=true
[1386]	59	64	-25	0	-4	-3	det1=true
[1387]	59	64	-28	0	-4	3	det1=true
[1388]	64	64	-22	0	-5	-2	det1=true
[1389]	64	64	-24	0	-5	2	det1=true
[1390]	39	61	-15	-1	-1	-4	det1=true
[1391]	39	61	-19	-1	-1	4	det1=true
[1392]	39	61	-14	-7	-4	-1	det1=true
[1393]	39	61	-15	-7	-4	1	det1=true
[1394]	45	61	-15	1	-2	-4	det1=true
[1395]	45	61	-19	1	-2	4	det1=true
[1396]	52	61	-8	0	-3	-4	det1=true
[1397]	52	61	-12	0	-3	4	det1=true
[1398]	58	61	-18	-12	-4	3	det1=true
[1399]	60	61	-7	-2	-2	-5	det1=true
[1400]	60	61	-12	-2	-2	5	det1=true
[1401]	61	61	-43	-11	-2	-3	det1=true
[1402]	61	61	-10	-1	-2	-5	det1=true
[1403]	38	62	-16	-8	-1	4	det1=true
[1404]	48	62	-17	-12	-4	-2	det1=true
[1405]	48	62	-19	-12	-4	2	det1=true
[1406]	51	62	-24	-7	-4	-2	det1=true
[1407]	51	62	-26	-7	-4	2	det1=true
[1408]	53	62	-12	-3	-3	-4	det1=true
[1409]	53	62	-16	-3	-3	4	det1=true
[1410]	58	62	-20	-6	-4	-3	det1=true
[1411]	58	62	-23	-6	-4	3	det1=true
[1412]	59	62	-22	-2	-3	-4	det1=true
[1413]	59	62	-26	-2	-3	4	det1=true
[1414]	60	62	-8	-6	-2	-5	det1=true
[1415]	60	62	-13	-6	-2	5	det1=true
[1416]	23	63	-10	-9	-3	-1	det1=true
[1417]	23	63	-11	-9	-3	1	det1=true
[1418]	39	63	-14	-1	-3	-3	det1=true
[1419]	39	63	-17	-1	-3	3	det1=true
[1420]	41	63	-17	-4	-3	-3	det1=true
[1421]	41	63	-20	-4	-3	3	det1=true
[1422]	46	63	-20	1	-4	-2	det1=true
[1423]	46	63	-22	1	-4	2	det1=true
[1424]	57	63	-3	1	-2	-5	det1=true
[1425]	57	63	-8	1	-2	5	det1=true
[1426]	62	63	-18	-5	-5	2	det1=true
[1427]	63	63	-28	-2	-5	1	det1=true
[1428]	46	64	-21	0	-4	-2	det1=true
[1429]	46	64	-23	0	-4	2	det1=true
[1430]	51	64	-24	-22	-4	-1	det1=true
[1431]	51	64	-25	-22	-4	1	det1=true
[1432]	52	64	-14	0	-3	-4	det1=true
[1433]	59	64	-24	-4	-3	-4	det1=true
[1434]	59	64	-28	-4	-3	4	det1=true
[1435]	62	64	-14	-11	-5	-2	det1=true
[1436]	62	64	-16	-11	-5	2	det1=true
[1437]	63	64	-20	-3	-5	-2	det1=true
[1438]	63	64	-22	-3	-5	2	det1=true
[1439]	28	61	-8	-4	-3	-2	det1=true
[1440]	28	61	-10	-4	-3	2	det1=true
[1441]	33	61	-18	-11	-2	3	det1=true
[1442]	41	61	-5	-1	-4	-2	det1=true
[1443]	41	61	-7	-1	-4	2	det1=true
[1444]	42	61	-7	-4	-2	-4	det1=true
[1445]	42	61	-11	-4	-2	4	det1=true
[1446]	45	61	-13	-7	-2	-4	det1=true
[1447]	45	61	-17	-7	-2	4	det1=true
[1448]	49	61	-24	0	-4	2	det1=true
[1449]	56	61	-17	0	-4	-3	det1=true
[1450]	56	61	-20	0	-4	3	det1=true
[1451]	58	61	-15	-12	-4	-3	det1=true
[1452]	59	61	-21	1	-3	-4	det1=true
[1453]	59	61	-25	1	-3	4	det1=true
[1454]	61	61	-19	-13	-3	-4	det1=true
[1455]	61	61	-23	-13	-3	4	det1=true
[1456]	28	62	-8	-6	-2	-3	det1=true
[1457]	38	62	-12	-8	-1	-4	det1=true
[1458]	48	62	-21	-4	-4	-2	det1=true
[1459]	48	62	-23	-4	-4	2	det1=true
[1460]	48	62	-16	-13	-2	-4	det1=true
[1461]	48	62	-20	-13	-2	4	det1=true
[1462]	55	62	-14	-8	-4	-3	det1=true
[1463]	55	62	-17	-8	-4	3	det1=true
[1464]	52	63	-24	-11	-2	-4	det1=true
[1465]	52	63	-28	-11	-2	4	det1=true
[1466]	60	63	-12	-2	-2	-5	det1=true
[1467]	62	63	-16	-5	-5	-2	det1=true
[1468]	63	63	-27	-2	-5	-1	det1=true
[1469]	36	64	-12	-4	-1	-4	det1=true
[1470]	36	64	-16	-4	-1	4	det1=true
[1471]	45	64	-19	-8	-4	2	det1=true
[1472]	45	64	-20	-9	-2	4	det1=true
[1473]	49	64	-25	0	-4	-2	det1=true
[1474]	50	64	-8	-4	-3	-4	det1=true
[1475]	50	64	-12	-4	-3	4	det1=true
[1476]	62	64	-25	-12	-4	-3	det1=true
[1477]	63	64	-19	-2	-2	-5	det1=true
[1478]	63	64	-24	-2	-2	5	det1=true
[1479]	28	61	-9	0	-2	-3	det1=true
[1480]	28	61	-12	0	-2	3	det1=true
[1481]	42	61	-8	-3	-4	-2	det1=true
[1482]	45	61	-14	-6	-4	-2	det1=true
[1483]	49	61	-20	-6	-2	-4	det1=true
[1484]	49	61	-24	-6	-2	4	det1=true
[1485]	53	61	-9	-5	-3	-4	det1=true
[1486]	53	61	-13	-5	-3	4	det1=true
[1487]	56	61	-18	-8	-3	4	det1=true
[1488]	57	61	-16	-1	-5	-1	det1=true
[1489]	57	61	-17	-1	-5	1	det1=true
[1490]	57	61	-13	-12	-3	-4	det1=true
[1491]	57	61	-17	-12	-3	4	det1=true
[1492]	59	61	-15	-14	-3	-4	det1=true
[1493]	59	61	-19	-14	-3	4	det1=true
[1494]	28	62	-11	-6	-2	3	det1=true
[1495]	31	62	-12	-11	-3	-2	det1=true
[1496]	31	62	-14	-11	-3	2	det1=true
[1497]	39	62	-16	-2	-1	-4	det1=true
[1498]	39	62	-20	-2	-1	4	det1=true
[1499]	44	62	-18	-15	-1	-4	det1=true
[1500]	44	62	-22	-15	-1	4	det1=true
[1501]	44	62	-15	-2	-4	-2	det1=true
[1502]	45	62	-22	-12	-4	-1	det1=true
[1503]	45	62	-23	-12	-4	1	det1=true
[1504]	47	62	-16	-11	-4	-2	det1=true
[1505]	47	62	-18	-11	-4	2	det1=true
[1506]	48	62	-20	-5	-2	-4	det1=true
[1507]	48	62	-24	-5	-2	4	det1=true
[1508]	51	62	-27	-8	-2	4	det1=true
[1509]	51	62	-6	-4	-4	-3	det1=true
[1510]	52	62	-8	-6	-4	-3	det1=true
[1511]	52	62	-11	-6	-4	3	det1=true
[1512]	58	62	-20	-5	-3	-4	det1=true
[1513]	58	62	-24	-5	-3	4	det1=true
[1514]	59	62	-22	-4	-4	-3	det1=true
[1515]	59	62	-25	-4	-4	3	det1=true
[1516]	43	63	-17	-11	-3	-3	det1=true
[1517]	43	63	-20	-11	-3	3	det1=true
[1518]	46	63	-18	-7	-4	-2	det1=true
[1519]	47	63	-18	-10	-4	-2	det1=true
[1520]	47	63	-20	-10	-4	2	det1=true
[1521]	51	63	-24	-8	-2	-4	det1=true
[1522]	51	63	-4	2	-5	-1	det1=true
[1523]	51	63	-5	2	-5	1	det1=true
[1524]	55	63	-16	2	-5	-1	det1=true
[1525]	55	63	-13	-7	-5	-1	det1=true
[1526]	55	63	-14	-7	-5	1	det1=true
[1527]	58	63	-8	-1	-5	-2	det1=true
[1528]	58	63	-10	-1	-5	2	det1=true
[1529]	61	63	-25	2	-5	-1	det1=true
[1530]	61	63	-26	2	-5	1	det1=true
[1531]	63	63	-26	-26	-2	-4	det1=true
[1532]	63	63	-30	-26	-2	4	det1=true
[1533]	29	64	-12	-8	-3	-2	det1=true
[1534]	29	64	-14	-8	-3	2	det1=true
[1535]	36	64	-10	-8	-1	-4	det1=true
[1536]	36	64	-14	-8	-1	4	det1=true
[1537]	45	64	-17	-8	-4	-2	det1=true
[1538]	45	64	-16	-9	-2	-4	det1=true
[1539]	48	64	0	2	-4	-3	det1=true
[1540]	49	64	-6	0	-3	-4	det1=true
[1541]	52	64	-18	0	-3	4	det1=true
[1542]	57	64	-8	0	-5	-2	det1=true
[1543]	57	64	-10	0	-5	2	det1=true
[1544]	29	61	-11	-3	-2	-3	det1=true
[1545]	29	61	-14	-3	-2	3	det1=true
[1546]	42	61	-10	-3	-4	2	det1=true
[1547]	55	61	-12	0	-5	-1	det1=true
[1548]	55	61	-13	0	-5	1	det1=true
[1549]	55	61	-11	-3	-5	-1	det1=true
[1550]	55	61	-12	-3	-5	1	det1=true
[1551]	55	61	-9	-5	-1	-5	det1=true
[1552]	55	61	-14	-5	-1	5	det1=true
[1553]	56	61	-14	-8	-3	-4	det1=true
[1554]	57	61	-14	-3	-1	-5	det1=true
[1555]	57	61	-19	-3	-1	5	det1=true
[1556]	55	62	-28	-13	-4	2	det1=true
[1557]	56	62	-18	0	-3	-4	det1=true
[1558]	56	62	-22	0	-3	4	det1=true
[1559]	38	63	-12	-10	-1	-4	det1=true
[1560]	38	63	-16	-10	-1	4	det1=true
[1561]	40	63	-7	2	-4	-2	det1=true
[1562]	40	63	-9	2	-4	2	det1=true
[1563]	47	63	-20	-6	-4	-2	det1=true
[1564]	47	63	-22	-6	-4	2	det1=true
[1565]	53	63	-9	-5	-5	-1	det1=true
[1566]	53	63	-10	-5	-5	1	det1=true
[1567]	55	63	-25	-22	-3	-3	det1=true
[1568]	55	63	-28	-22	-3	3	det1=true
[1569]	55	63	-17	2	-5	1	det1=true
[1570]	44	64	-17	-4	-4	-2	det1=true
[1571]	44	64	-19	-4	-4	2	det1=true
[1572]	53	64	-16	-2	-4	-3	det1=true
[1573]	53	64	-19	-2	-4	3	det1=true
[1574]	55	64	-16	-10	-4	-3	det1=true
[1575]	55	64	-19	-10	-4	3	det1=true
[1576]	58	64	-10	-3	-5	-2	det1=true
[1577]	58	64	-12	-3	-5	2	det1=true
[1578]	62	64	-28	-12	-4	3	det1=true
[1579]	45	61	-16	-6	-4	2	det1=true
[1580]	55	61	-9	-6	-5	-1	det1=true
[1581]	55	61	-10	-6	-5	1	det1=true
[1582]	38	62	-14	-3	-1	-4	det1=true
[1583]	38	62	-18	-3	-1	4	det1=true
[1584]	42	62	-11	0	-4	-2	det1=true
[1585]	42	62	-13	0	-4	2	det1=true
[1586]	47	62	-15	-12	-2	-4	det1=true
[1587]	47	62	-19	-12	-2	4	det1=true
[1588]	60	62	-21	-10	-4	-3	det1=true
[1589]	59	63	-18	-11	-5	-1	det1=true
[1590]	59	63	-19	-11	-5	1	det1=true
[1591]	61	63	-29	-25	-3	-3	det1=true
[1592]	61	63	-32	-25	-3	3	det1=true
[1593]	25	64	0	0	-2	-3	det1=true
[1594]	25	64	-3	0	-2	3	det1=true
[1595]	49	64	-10	0	-3	4	det1=true
[1596]	51	64	-20	-17	-2	-4	det1=true
[1597]	51	64	-24	-17	-2	4	det1=true
[1598]	64	64	-32	1	-5	0	det1=true
[1599]	40	61	-12	-12	-1	-4	det1=true
[1600]	40	61	-16	-12	-1	4	det1=true
[1601]	44	62	-14	-3	-2	-4	det1=true
[1602]	59	62	-6	-4	-2	-5	det1=true
[1603]	59	62	-11	-4	-2	5	det1=true
[1604]	49	64	-21	-12	-4	-2	det1=true
[1605]	49	64	-23	-12	-4	2	det1=true
[1606]	52	64	-24	-13	-2	-4	det1=true
[1607]	52	64	-28	-13	-2	4	det1=true
[1608]	55	64	-27	-24	-4	-1	det1=true
[1609]	55	64	-28	-24	-4	1	det1=true
[1610]	57	64	-22	0	-3	-4	det1=true
[1611]	57	64	-26	0	-3	4	det1=true
[1612]	29	61	-9	-7	-3	-2	det1=true
[1613]	29	61	-11	-7	-3	2	det1=true
[1614]	49	61	-21	-1	-2	-4	det1=true
[1615]	49	61	-21	-5	-4	-2	det1=true
[1616]	49	61	-23	-5	-4	2	det1=true
[1617]	52	61	-24	-20	-4	-1	det1=true
[1618]	52	61	-25	-20	-4	1	det1=true
[1619]	47	62	-20	-18	-1	-4	det1=true
[1620]	47	62	-24	-18	-1	4	det1=true
[1621]	60	62	-24	-10	-4	3	det1=true
[1622]	53	63	-7	-7	-1	-5	det1=true
[1623]	53	63	-12	-7	-1	5	det1=true
[1624]	57	63	-16	-7	-1	-5	det1=true
[1625]	57	63	-21	-7	-1	5	det1=true
[1626]	64	64	-30	0	-3	-4	det1=true
[1627]	53	61	-4	-2	-5	-1	det1=true
[1628]	53	61	-5	-2	-5	1	det1=true
[1629]	62	62	-36	-24	-1	4	det1=true
[1630]	59	63	-9	-5	-5	-2	det1=true
[1631]	59	63	-11	-5	-5	2	det1=true
[1632]	33	64	-4	0	-4	-1	det1=true
[1633]	33	64	-5	0	-4	1	det1=true
[1634]	38	64	-16	-4	-1	-4	det1=true
[1635]	38	64	-20	-4	-1	4	det1=true
[1636]	49	64	-4	-4	-3	-4	det1=true
[1637]	49	64	-8	-4	-3	4	det1=true
[1638]	59	61	-5	1	-5	-2	det1=true
[1639]	56	62	-26	-24	-1	-4	det1=true
[1640]	39	64	-4	-1	-2	-4	det1=true
[1641]	39	64	-8	-1	-2	4	det1=true
[1642]	59	63	-11	-1	-5	-2	det1=true
[1643]	59	63	-13	-1	-5	2	det1=true
[1644]	59	64	-20	-15	-5	0	det1=true
[1645]	64	64	-25	-16	-4	-3	det1=true
[1646]	64	64	-28	-16	-4	3	det1=true
[1647]	26	62	-2	-1	-3	-2	det1=true
[1648]	26	62	-4	-1	-3	2	det1=true
[1649]	8	62	-2	1	-2	0	det1=true
[1650]	16	62	-2	1	-2	-2	det1=true
[1651]	16	62	-4	1	-2	2	det1=true
[1652]	16	63	-3	-2	-2	-2	det1=true
[1653]	16	63	-5	-2	-2	2	det1=true
[1654]	8	64	-3	-2	0	-2	det1=true
[1655]	16	64	-4	-3	-2	-2	det1=true
[1656]	16	64	-6	-3	-2	2	det1=true
[1657]	40	64	-9	0	-4	-2	det1=true
[1658]	40	64	-11	0	-4	2	det1=true
[1659]	16	63	-4	1	-2	-2	det1=true
[1660]	16	63	-6	1	-2	2	det1=true
[1661]	26	64	-5	-4	-2	-3	det1=true
[1662]	26	64	-8	-4	-2	3	det1=true
[1663]	34	62	-4	2	-4	-1	det1=true
[1664]	34	62	-5	2	-4	1	det1=true
[1665]	50	62	-4	2	-4	-3	det1=true
[1666]	50	62	-7	2	-4	3	det1=true
[1667]	40	63	-6	1	-2	-4	det1=true
[1668]	40	63	-10	1	-2	4	det1=true
[1669]	34	64	-9	-2	-4	1	det1=true
[1670]	10	64	-4	0	-1	-2	det1=true
[1671]	10	64	-6	0	-1	2	det1=true
[1672]	10	63	-2	-2	-1	-2	det1=true
[1673]	34	64	-8	-2	-4	-1	det1=true
[1674]	2	62	0	0	0	-1	det1=true
[1675]	56	65	-26	-19	-2	-4	det1=true
[1676]	56	65	-30	-19	-2	4	det1=true
[1677]	65	67	-25	-23	0	-5	det1=true
[1678]	66	67	-20	-1	-4	-4	det1=true
[1679]	66	67	-24	-1	-4	4	det1=true
[1680]	61	66	-13	-14	-2	-5	det1=true
[1681]	61	66	-18	-14	-2	5	det1=true
[1682]	43	67	-18	-4	-2	-4	det1=true
[1683]	43	67	-22	-4	-2	4	det1=true
[1684]	67	67	-32	-13	-5	-1	det1=true
[1685]	67	67	-33	-13	-5	1	det1=true
[1686]	39	68	-12	1	-2	-4	det1=true
[1687]	39	68	-16	1	-2	4	det1=true
[1688]	56	65	-24	-6	-4	3	det1=true
[1689]	59	65	-23	-7	-5	-1	det1=true
[1690]	59	65	-12	-7	-2	-5	det1=true
[1691]	59	65	-17	-7	-2	5	det1=true
[1692]	63	65	-28	-7	-5	-1	det1=true
[1693]	63	65	-17	-12	-5	-2	det1=true
[1694]	63	65	-19	-12	-5	2	det1=true
[1695]	33	66	-9	2	-4	-1	det1=true
[1696]	33	66	-10	2	-4	1	det1=true
[1697]	61	66	-28	-6	-3	-4	det1=true
[1698]	61	66	-32	-6	-3	4	det1=true
[1699]	28	67	-14	-9	-3	2	det1=true
[1700]	33	67	1	1	-3	-3	det1=true
[1701]	38	67	-7	-2	-2	-4	det1=true
[1702]	38	67	-11	-2	-2	4	det1=true
[1703]	49	67	-7	0	-1	-5	det1=true
[1704]	49	67	-12	0	-1	5	det1=true
[1705]	59	67	-27	-5	-3	-4	det1=true
[1706]	59	67	-31	-5	-3	4	det1=true
[1707]	59	67	-23	-10	-1	-5	det1=true
[1708]	59	67	-28	-10	-1	5	det1=true
[1709]	66	67	-16	-11	-4	-4	det1=true
[1710]	66	67	-20	-11	-4	4	det1=true
[1711]	42	68	-19	2	-4	-2	det1=true
[1712]	42	68	-21	2	-4	2	det1=true
[1713]	54	68	-8	-3	-5	-2	det1=true
[1714]	56	68	-25	-24	-4	-2	det1=true
[1715]	56	68	-27	-24	-4	2	det1=true
[1716]	68	68	-8	0	-6	-1	det1=true
[1717]	68	68	-9	0	-6	1	det1=true
[1718]	25	65	-3	-2	-3	-2	det1=true
[1719]	25	65	-5	-2	-3	2	det1=true
[1720]	33	65	-7	1	-4	-1	det1=true
[1721]	33	65	-8	1	-4	1	det1=true
[1722]	36	65	-12	-7	-1	-4	det1=true
[1723]	36	65	-16	-7	-1	4	det1=true
[1724]	55	65	-19	1	-5	-1	det1=true
[1725]	55	65	-20	1	-5	1	det1=true
[1726]	55	65	-16	-8	-5	-1	det1=true
[1727]	55	65	-17	-8	-5	1	det1=true
[1728]	56	65	-21	-6	-4	-3	det1=true
[1729]	61	65	-28	-3	-4	-3	det1=true
[1730]	61	65	-31	-3	-4	3	det1=true
[1731]	36	66	-16	-2	-4	-1	det1=true
[1732]	36	66	-17	-2	-4	1	det1=true
[1733]	58	66	-22	-12	-3	-4	det1=true
[1734]	58	66	-26	-12	-3	4	det1=true
[1735]	48	67	-9	-4	-4	-3	det1=true
[1736]	48	67	-12	-4	-4	3	det1=true
[1737]	54	67	-10	0	-2	5	det1=true
[1738]	58	67	-26	-14	-3	4	det1=true
[1739]	61	67	-23	-16	-5	-1	det1=true
[1740]	61	67	-24	-16	-5	1	det1=true
[1741]	61	67	-24	-7	-2	5	det1=true
[1742]	63	67	-30	-16	-1	5	det1=true
[1743]	52	68	-20	0	-4	-3	det1=true
[1744]	52	68	-23	0	-4	3	det1=true
[1745]	66	68	-24	-14	-2	-5	det1=true
[1746]	66	68	-29	-14	-2	5	det1=true
[1747]	68	68	-24	-18	-2	-5	det1=true
[1748]	68	68	-29	-18	-2	5	det1=true
[1749]	68	68	-7	-2	-6	-1	det1=true
[1750]	68	68	-8	-2	-6	1	det1=true
[1751]	19	65	-1	0	-1	-3	det1=true
[1752]	19	65	-4	0	-1	3	det1=true
[1753]	42	65	-16	-5	-4	2	det1=true
[1754]	42	65	-13	-6	-2	-4	det1=true
[1755]	52	65	-13	-8	-4	-3	det1=true
[1756]	52	65	-16	-8	-4	3	det1=true
[1757]	56	65	-27	-18	-4	-2	det1=true
[1758]	56	65	-29	-18	-4	2	det1=true
[1759]	57	65	-16	-13	-5	-1	det1=true
[1760]	57	65	-17	-13	-5	1	det1=true
[1761]	59	65	-26	-1	-4	-3	det1=true
[1762]	59	65	-29	-1	-4	3	det1=true
[1763]	59	65	-21	-9	-1	-5	det1=true
[1764]	65	65	-3	-3	-3	-5	det1=true
[1765]	65	65	-8	-3	-3	5	det1=true
[1766]	60	66	-18	-8	-5	2	det1=true
[1767]	61	66	-27	-10	-4	-3	det1=true
[1768]	61	66	-22	-18	-3	-4	det1=true
[1769]	62	66	-15	-14	-2	-5	det1=true
[1770]	62	66	-20	-14	-2	5	det1=true
[1771]	25	67	-5	-5	-2	-3	det1=true
[1772]	25	67	-8	-5	-2	3	det1=true
[1773]	39	67	-9	-5	-2	-4	det1=true
[1774]	39	67	-13	-5	-2	4	det1=true
[1775]	43	67	-15	-11	-4	-2	det1=true
[1776]	43	67	-17	-11	-4	2	det1=true
[1777]	48	67	-14	0	-3	4	det1=true
[1778]	49	67	-10	-7	-4	-3	det1=true
[1779]	49	67	-13	-7	-4	3	det1=true
[1780]	55	67	-19	-5	-1	-5	det1=true
[1781]	55	67	-24	-5	-1	5	det1=true
[1782]	59	67	-25	-8	-5	-1	det1=true
[1783]	59	67	-26	-8	-5	1	det1=true
[1784]	59	67	-20	-17	-5	1	det1=true
[1785]	61	67	-19	-7	-2	-5	det1=true
[1786]	63	67	-27	-14	-5	-1	det1=true
[1787]	63	67	-28	-14	-5	1	det1=true
[1788]	65	67	-23	-11	-2	-5	det1=true
[1789]	65	67	-8	-7	-5	-3	det1=true
[1790]	65	67	-11	-7	-5	3	det1=true
[1791]	66	67	-26	-6	-2	-5	det1=true
[1792]	66	67	-31	-6	-2	5	det1=true
[1793]	66	67	-26	-9	-5	-2	det1=true
[1794]	66	67	-28	-9	-5	2	det1=true
[1795]	66	67	-20	-18	-5	-2	det1=true
[1796]	66	67	-22	-18	-5	2	det1=true
[1797]	54	68	-8	0	-2	-5	det1=true
[1798]	37	65	-12	-2	-3	-3	det1=true
[1799]	37	65	-15	-2	-3	3	det1=true
[1800]	50	65	-24	-11	-4	-2	det1=true
[1801]	50	65	-26	-11	-4	2	det1=true
[1802]	51	65	-8	-3	-1	-5	det1=true
[1803]	51	65	-13	-3	-1	5	det1=true
[1804]	55	65	-14	-10	-1	-5	det1=true
[1805]	55	65	-19	-10	-1	5	det1=true
[1806]	57	65	-14	-15	-1	-5	det1=true
[1807]	57	65	-19	-15	-1	5	det1=true
[1808]	60	65	-21	-16	-4	-3	det1=true
[1809]	60	65	-24	-16	-4	3	det1=true
[1810]	65	65	-4	-2	-5	-3	det1=true
[1811]	65	65	-7	-2	-5	3	det1=true
[1812]	37	66	-16	-5	-1	-4	det1=true
[1813]	37	66	-20	-5	-1	4	det1=true
[1814]	45	66	-19	-14	-2	4	det1=true
[1815]	46	66	-17	-14	-4	-2	det1=true
[1816]	46	66	-19	-14	-4	2	det1=true
[1817]	56	66	-8	-4	-2	-5	det1=true
[1818]	56	66	-13	-4	-2	5	det1=true
[1819]	61	66	-30	-10	-4	3	det1=true
[1820]	65	66	-17	2	-4	-4	det1=true
[1821]	65	66	-21	2	-4	4	det1=true
[1822]	32	67	-4	-4	-1	-4	det1=true
[1823]	32	67	-8	-4	-1	4	det1=true
[1824]	38	67	-8	-1	-4	-2	det1=true
[1825]	38	67	-10	-1	-4	2	det1=true
[1826]	39	67	-10	-4	-4	-2	det1=true
[1827]	39	67	-12	-4	-4	2	det1=true
[1828]	49	67	-10	2	-5	1	det1=true
[1829]	52	67	-16	-8	-3	-4	det1=true
[1830]	52	67	-20	-8	-3	4	det1=true
[1831]	55	67	-21	-3	-5	-1	det1=true
[1832]	55	67	-22	-3	-5	1	det1=true
[1833]	58	67	-22	-14	-3	-4	det1=true
[1834]	59	67	-19	-17	-5	-1	det1=true
[1835]	62	67	-23	-20	-4	-3	det1=true
[1836]	62	67	-26	-20	-4	3	det1=true
[1837]	62	67	-10	-7	-4	-4	det1=true
[1838]	62	67	-14	-7	-4	4	det1=true
[1839]	39	68	-20	-15	-1	4	det1=true
[1840]	42	68	-14	-11	-2	-4	det1=true
[1841]	42	68	-18	-11	-2	4	det1=true
[1842]	47	68	-21	-14	-4	-2	det1=true
[1843]	47	68	-23	-14	-4	2	det1=true
[1844]	47	68	-8	-4	-4	-3	det1=true
[1845]	50	68	-16	-1	-3	-4	det1=true
[1846]	50	68	-20	-1	-3	4	det1=true
[1847]	53	68	-4	0	-2	-5	det1=true
[1848]	53	68	-9	0	-2	5	det1=true
[1849]	54	68	-13	0	-2	5	det1=true
[1850]	60	68	-28	-9	-3	-4	det1=true
[1851]	60	68	-32	-9	-3	4	det1=true
[1852]	61	68	-20	-8	-2	-5	det1=true
[1853]	61	68	-25	-8	-2	5	det1=true
[1854]	62	68	-26	-3	-5	2	det1=true
[1855]	19	65	-2	1	-3	-1	det1=true
[1856]	19	65	-3	1	-3	1	det1=true
[1857]	53	65	-13	-3	-1	-5	det1=true
[1858]	53	65	-18	-3	-1	5	det1=true
[1859]	55	65	-17	-1	-1	-5	det1=true
[1860]	55	65	-22	-1	-1	5	det1=true
[1861]	59	65	-24	-4	-5	-1	det1=true
[1862]	59	65	-25	-4	-5	1	det1=true
[1863]	62	65	-18	-6	-2	-5	det1=true
[1864]	62	65	-23	-6	-2	5	det1=true
[1865]	63	65	-26	-9	-1	-5	det1=true
[1866]	63	65	-31	-9	-1	5	det1=true
[1867]	38	66	-4	-3	-2	-4	det1=true
[1868]	38	66	-8	-3	-2	4	det1=true
[1869]	60	66	-16	-8	-5	-2	det1=true
[1870]	61	66	-26	-18	-3	4	det1=true
[1871]	62	66	-22	1	-5	-2	det1=true
[1872]	62	66	-24	1	-5	2	det1=true
[1873]	62	66	-20	-4	-2	-5	det1=true
[1874]	62	66	-25	-4	-2	5	det1=true
[1875]	62	66	-20	-7	-5	-2	det1=true
[1876]	62	66	-22	-7	-5	2	det1=true
[1877]	65	66	-26	2	-5	-2	det1=true
[1878]	65	66	-28	2	-5	2	det1=true
[1879]	19	67	-6	0	-3	-1	det1=true
[1880]	19	67	-7	0	-3	1	det1=true
[1881]	19	67	-5	-1	-1	-3	det1=true
[1882]	19	67	-8	-1	-1	3	det1=true
[1883]	32	67	-7	2	-4	-1	det1=true
[1884]	32	67	-8	2	-4	1	det1=true
[1885]	43	67	-18	-6	-4	-2	det1=true
[1886]	43	67	-20	-6	-4	2	det1=true
[1887]	43	67	-14	-12	-2	-4	det1=true
[1888]	43	67	-18	-12	-2	4	det1=true
[1889]	46	67	-2	2	-4	-3	det1=true
[1890]	46	67	-5	2	-4	3	det1=true
[1891]	49	67	-9	2	-5	-1	det1=true
[1892]	54	67	-5	0	-2	-5	det1=true
[1893]	55	67	-20	-6	-5	-1	det1=true
[1894]	55	67	-21	-6	-5	1	det1=true
[1895]	55	67	-18	-8	-1	-5	det1=true
[1896]	55	67	-23	-8	-1	5	det1=true
[1897]	56	67	-11	-2	-2	-5	det1=true
[1898]	56	67	-16	-2	-2	5	det1=true
[1899]	56	67	-8	-8	-2	-5	det1=true
[1900]	56	67	-13	-8	-2	5	det1=true
[1901]	61	67	-21	-18	-1	-5	det1=true
[1902]	61	67	-26	-18	-1	5	det1=true
[1903]	65	67	-26	-21	-4	-3	det1=true
[1904]	65	67	-29	-21	-4	3	det1=true
[1905]	32	68	-8	-2	-4	-1	det1=true
[1906]	32	68	-9	-2	-4	1	det1=true
[1907]	33	68	-10	-3	-1	-4	det1=true
[1908]	42	68	-18	1	-2	-4	det1=true
[1909]	42	68	-22	1	-2	4	det1=true
[1910]	52	68	-18	-13	-3	4	det1=true
[1911]	57	68	-14	-7	-5	-2	det1=true
[1912]	67	68	-30	-20	-3	-4	det1=true
[1913]	67	68	-34	-20	-3	4	det1=true
[1914]	42	65	-17	-6	-2	4	det1=true
[1915]	52	65	-16	0	-4	-3	det1=true
[1916]	52	65	-19	0	-4	3	det1=true
[1917]	56	65	-6	-3	-5	-2	det1=true
[1918]	56	65	-8	-3	-5	2	det1=true
[1919]	57	65	-20	-2	-1	-5	det1=true
[1920]	57	65	-25	-2	-1	5	det1=true
[1921]	57	65	-11	2	-5	-2	det1=true
[1922]	57	65	-13	2	-5	2	det1=true
[1923]	64	65	-26	-16	-3	-4	det1=true
[1924]	64	65	-30	-16	-3	4	det1=true
[1925]	32	66	-4	0	-4	-1	det1=true
[1926]	32	66	-5	0	-4	1	det1=true
[1927]	37	66	-14	-10	-4	-1	det1=true
[1928]	37	66	-15	-10	-4	1	det1=true
[1929]	39	66	-18	-10	-4	-1	det1=true
[1930]	46	66	-16	-15	-2	-4	det1=true
[1931]	46	66	-20	-15	-2	4	det1=true
[1932]	55	66	-6	-2	-5	-2	det1=true
[1933]	55	66	-8	-2	-5	2	det1=true
[1934]	61	66	-27	-26	-2	-4	det1=true
[1935]	61	66	-31	-26	-2	4	det1=true
[1936]	63	66	-20	-10	-5	-2	det1=true
[1937]	63	66	-22	-10	-5	2	det1=true
[1938]	48	67	-10	0	-3	-4	det1=true
[1939]	58	67	-27	0	-4	-3	det1=true
[1940]	58	67	-30	0	-4	3	det1=true
[1941]	61	67	-21	-4	-5	-2	det1=true
[1942]	61	67	-23	-4	-5	2	det1=true
[1943]	64	67	-29	-4	-2	5	det1=true
[1944]	65	67	-28	-11	-2	5	det1=true
[1945]	33	68	-14	-3	-1	4	det1=true
[1946]	33	68	-12	-7	-1	4	det1=true
[1947]	38	68	-7	-6	-4	-2	det1=true
[1948]	38	68	-9	-6	-4	2	det1=true
[1949]	39	68	-21	-10	-4	1	det1=true
[1950]	39	68	-16	-15	-1	-4	det1=true
[1951]	43	68	-17	-10	-4	-2	det1=true
[1952]	43	68	-19	-10	-4	2	det1=true
[1953]	44	68	-20	-20	-1	-4	det1=true
[1954]	44	68	-24	-20	-1	4	det1=true
[1955]	47	68	-11	-4	-4	3	det1=true
[1956]	52	68	-14	-13	-3	-4	det1=true
[1957]	53	68	-16	-13	-3	-4	det1=true
[1958]	53	68	-20	-13	-3	4	det1=true
[1959]	42	65	-14	-5	-4	-2	det1=true
[1960]	51	65	-13	-3	-3	-4	det1=true
[1961]	51	65	-17	-3	-3	4	det1=true
[1962]	59	65	-27	-27	-3	-3	det1=true
[1963]	59	65	-22	-6	-1	-5	det1=true
[1964]	65	65	-29	-13	-4	-3	det1=true
[1965]	65	65	-32	-13	-4	3	det1=true
[1966]	34	66	-10	-3	-1	-4	det1=true
[1967]	34	66	-14	-3	-1	4	det1=true
[1968]	54	66	1	0	-2	-5	det1=true
[1969]	54	66	-4	0	-2	5	det1=true
[1970]	58	66	-14	-4	-5	-2	det1=true
[1971]	58	66	-16	-4	-5	2	det1=true
[1972]	61	66	-30	-25	-4	2	det1=true
[1973]	24	67	-2	0	-3	-2	det1=true
[1974]	24	67	-4	0	-3	2	det1=true
[1975]	56	67	-24	-1	-3	-4	det1=true
[1976]	56	67	-28	-1	-3	4	det1=true
[1977]	67	67	-14	-5	-3	-5	det1=true
[1978]	67	67	-19	-5	-3	5	det1=true
[1979]	67	67	-11	-10	-3	-5	det1=true
[1980]	67	67	-16	-10	-3	5	det1=true
[1981]	33	68	-8	-7	-1	-4	det1=true
[1982]	46	68	-5	-2	-4	-3	det1=true
[1983]	46	68	-8	-2	-4	3	det1=true
[1984]	47	68	-9	-2	-4	-3	det1=true
[1985]	47	68	-12	-2	-4	3	det1=true
[1986]	56	68	-25	-4	-4	-3	det1=true
[1987]	56	68	-28	-4	-4	3	det1=true
[1988]	62	68	-24	-3	-5	-2	det1=true
[1989]	40	65	-11	2	-4	-2	det1=true
[1990]	40	65	-13	2	-4	2	det1=true
[1991]	53	65	-15	-1	-5	-1	det1=true
[1992]	53	65	-16	-1	-5	1	det1=true
[1993]	59	65	-27	-6	-1	5	det1=true
[1994]	45	66	-15	-14	-2	-4	det1=true
[1995]	49	66	-10	-3	-3	-4	det1=true
[1996]	49	66	-14	-3	-3	4	det1=true
[1997]	52	66	-22	-19	-2	-4	det1=true
[1998]	52	66	-26	-19	-2	4	det1=true
[1999]	61	66	-28	-25	-4	-2	det1=true
[2000]	48	67	-22	-23	-1	-4	det1=true
[2001]	48	67	-26	-23	-1	4	det1=true
[2002]	57	67	-25	-3	-3	-4	det1=true
[2003]	57	67	-29	-3	-3	4	det1=true
[2004]	57	67	-15	1	-5	-2	det1=true
[2005]	57	67	-17	1	-5	2	det1=true
[2006]	63	67	-25	-16	-1	-5	det1=true
[2007]	49	68	-14	-1	-3	-4	det1=true
[2008]	49	68	-18	-1	-3	4	det1=true
[2009]	57	68	-15	-2	-2	-5	det1=true
[2010]	59	68	-18	-7	-5	-2	det1=true
[2011]	59	68	-20	-7	-5	2	det1=true
[2012]	67	68	-26	-25	-3	-4	det1=true
[2013]	67	68	-30	-25	-3	4	det1=true
[2014]	51	65	-10	-1	-5	-1	det1=true
[2015]	51	65	-11	-1	-5	1	det1=true
[2016]	34	66	-8	-7	-1	-4	det1=true
[2017]	34	66	-12	-7	-1	4	det1=true
[2018]	33	67	-7	-6	-1	-4	det1=true
[2019]	33	67	-11	-6	-1	4	det1=true
[2020]	34	67	-8	-9	-1	-4	det1=true
[2021]	34	67	-12	-9	-1	4	det1=true
[2022]	51	67	-14	-4	-5	1	det1=true
[2023]	64	67	-24	-4	-2	-5	det1=true
[2024]	39	68	-13	2	-4	-2	det1=true
[2025]	39	68	-15	2	-4	2	det1=true
[2026]	48	68	-20	-17	-2	-4	det1=true
[2027]	48	68	-24	-17	-2	4	det1=true
[2028]	58	68	-26	-8	-3	-4	det1=true
[2029]	58	68	-30	-8	-3	4	det1=true
[2030]	53	65	-14	-4	-5	-1	det1=true
[2031]	53	65	-15	-4	-5	1	det1=true
[2032]	53	65	-12	-6	-1	-5	det1=true
[2033]	53	65	-17	-6	-1	5	det1=true
[2034]	57	65	-17	-11	-1	-5	det1=true
[2035]	57	65	-22	-11	-1	5	det1=true
[2036]	41	66	-11	-8	-2	-4	det1=true
[2037]	41	66	-15	-8	-2	4	det1=true
[2038]	47	67	-5	-4	-3	-4	det1=true
[2039]	47	67	-9	-4	-3	4	det1=true
[2040]	51	67	-13	-4	-5	-1	det1=true
[2041]	51	67	-11	-6	-1	-5	det1=true
[2042]	51	67	-16	-6	-1	5	det1=true
[2043]	33	68	-12	2	-4	-1	det1=true
[2044]	33	68	-13	2	-4	1	det1=true
[2045]	38	68	-14	-15	-1	-4	det1=true
[2046]	38	68	-18	-15	-1	4	det1=true
[2047]	26	65	-8	-2	-3	-2	det1=true
[2048]	26	65	-10	-2	-3	2	det1=true
[2049]	49	65	-8	-3	-4	-3	det1=true
[2050]	49	65	-11	-3	-4	3	det1=true
[2051]	50	65	-23	-12	-2	-4	det1=true
[2052]	50	65	-27	-12	-2	4	det1=true
[2053]	58	65	-23	-8	-4	-3	det1=true
[2054]	58	65	-26	-8	-4	3	det1=true
[2055]	33	67	-9	-1	-1	-4	det1=true
[2056]	33	67	-13	-1	-1	4	det1=true
[2057]	43	67	-19	-3	-4	-2	det1=true
[2058]	43	67	-21	-3	-4	2	det1=true
[2059]	57	68	-20	-2	-2	5	det1=true
[2060]	57	65	-19	-9	-5	-1	det1=true
[2061]	57	65	-20	-9	-5	1	det1=true
[2062]	37	67	-18	-5	-4	-1	det1=true
[2063]	37	67	-19	-5	-4	1	det1=true
[2064]	66	66	-20	-16	-2	-5	det1=true
[2065]	66	66	-25	-16	-2	5	det1=true
[2066]	58	67	-12	-10	-5	-2	det1=true
[2067]	58	67	-14	-10	-5	2	det1=true
[2068]	26	68	-8	-8	-2	-3	det1=true
[2069]	26	68	-11	-8	-2	3	det1=true
[2070]	31	68	-4	2	-4	-1	det1=true
[2071]	31	68	-5	2	-4	1	det1=true
[2072]	65	65	-12	-8	-4	-4	det1=true
[2073]	65	65	-16	-8	-4	4	det1=true
[2074]	16	66	-7	-2	-2	-2	det1=true
[2075]	16	66	-9	-2	-2	2	det1=true
[2076]	34	66	-12	2	-4	-1	det1=true
[2077]	34	66	-13	2	-4	1	det1=true
[2078]	40	65	-10	1	-2	-4	det1=true
[2079]	40	65	-14	1	-2	4	det1=true
[2080]	26	68	-12	0	-3	-2	det1=true
[2081]	26	68	-14	0	-3	2	det1=true
[2082]	67	67	-12	-9	-5	-3	det1=true
[2083]	67	67	-15	-4	-5	-3	det1=true
[2084]	67	67	-18	-4	-5	3	det1=true
[2085]	21	69	-10	-9	-3	-1	det1=true
[2086]	21	69	-11	-9	-3	1	det1=true
[2087]	69	69	-26	-27	-1	-5	det1=true
[2088]	69	69	-31	-27	-1	5	det1=true
[2089]	30	71	-6	2	-4	-1	det1=true
[2090]	30	71	-7	2	-4	1	det1=true
[2091]	36	72	-9	-4	-4	-2	det1=true
[2092]	36	72	-11	-4	-4	2	det1=true
[2093]	56	72	-20	-3	-5	-2	det1=true
[2094]	56	72	-22	-3	-5	2	det1=true
[2095]	63	69	-28	-16	-5	-1	det1=true
[2096]	63	69	-29	-16	-5	1	det1=true
[2097]	69	69	-30	-11	-2	-5	det1=true
[2098]	69	69	-35	-11	-2	5	det1=true
[2099]	69	69	-28	-25	-5	-1	det1=true
[2100]	69	69	-29	-25	-5	1	det1=true
[2101]	51	70	-2	2	-5	-2	det1=true
[2102]	51	70	-4	2	-5	2	det1=true
[2103]	52	70	-20	-8	0	-5	det1=true
[2104]	70	70	-29	-28	-4	-3	det1=true
[2105]	70	70	-32	-28	-4	3	det1=true
[2106]	33	71	-8	-5	-3	-3	det1=true
[2107]	33	71	-11	-5	-3	3	det1=true
[2108]	61	71	-11	2	-5	-3	det1=true
[2109]	61	71	-14	2	-5	3	det1=true
[2110]	69	71	-29	-1	-4	-4	det1=true
[2111]	15	69	-5	-3	-2	-2	det1=true
[2112]	15	69	-7	-3	-2	2	det1=true
[2113]	49	69	-9	-7	-1	-5	det1=true
[2114]	49	69	-14	-7	-1	5	det1=true
[2115]	59	69	-25	-15	-3	-4	det1=true
[2116]	59	69	-29	-15	-3	4	det1=true
[2117]	61	69	-23	-6	-5	-2	det1=true
[2118]	61	69	-25	-6	-5	2	det1=true
[2119]	63	70	-18	-7	-4	-4	det1=true
[2120]	63	70	-22	-7	-4	4	det1=true
[2121]	63	70	-14	-13	-4	-4	det1=true
[2122]	63	70	-18	-13	-4	4	det1=true
[2123]	70	70	-12	-11	-1	-6	det1=true
[2124]	65	71	-29	-21	-5	-1	det1=true
[2125]	65	71	-30	-21	-5	1	det1=true
[2126]	65	71	-7	-1	-6	-1	det1=true
[2127]	65	71	-8	-1	-6	1	det1=true
[2128]	67	71	-21	-4	-3	-5	det1=true
[2129]	67	71	-26	-4	-3	5	det1=true
[2130]	68	71	-30	-15	-5	-2	det1=true
[2131]	68	71	-32	-15	-5	2	det1=true
[2132]	69	71	-33	-11	-5	-2	det1=true
[2133]	69	71	-35	-11	-5	2	det1=true
[2134]	56	72	-16	-11	-5	-2	det1=true
[2135]	56	72	-18	-11	-5	2	det1=true
[2136]	65	72	-6	-7	-1	-6	det1=true
[2137]	65	72	-12	-7	-1	6	det1=true
[2138]	9	69	-2	1	-2	-1	det1=true
[2139]	9	69	-3	1	-2	1	det1=true
[2140]	32	69	-8	-4	-1	-4	det1=true
[2141]	39	69	-14	-14	-3	-3	det1=true
[2142]	58	69	-20	2	-5	-2	det1=true
[2143]	58	69	-22	2	-5	2	det1=true
[2144]	46	70	-10	-1	-3	-4	det1=true
[2145]	46	70	-14	-1	-3	4	det1=true
[2146]	55	70	-18	-18	-3	-4	det1=true
[2147]	66	70	-28	-24	-3	-4	det1=true
[2148]	66	70	-32	-24	-3	4	det1=true
[2149]	19	71	-9	-4	-3	-1	det1=true
[2150]	19	71	-10	-4	-3	1	det1=true
[2151]	23	71	-5	1	-3	-2	det1=true
[2152]	23	71	-7	1	-3	2	det1=true
[2153]	35	71	-3	-1	-2	-4	det1=true
[2154]	35	71	-7	-1	-2	4	det1=true
[2155]	50	71	-18	-8	-4	-3	det1=true
[2156]	50	71	-21	-8	-4	3	det1=true
[2157]	61	71	-15	1	-3	5	det1=true
[2158]	62	71	-21	-16	-2	-5	det1=true
[2159]	65	71	-19	-2	-5	-3	det1=true
[2160]	65	71	-22	-2	-5	3	det1=true
[2161]	65	71	-23	-3	-3	5	det1=true
[2162]	31	72	-10	0	-1	-4	det1=true
[2163]	31	72	-14	0	-1	4	det1=true
[2164]	32	72	-12	-4	-1	-4	det1=true
[2165]	33	72	-16	-2	-4	-1	det1=true
[2166]	33	72	-17	-2	-4	1	det1=true
[2167]	35	72	-7	2	-4	-2	det1=true
[2168]	35	72	-9	2	-4	2	det1=true
[2169]	56	72	-19	-2	-2	-5	det1=true
[2170]	56	72	-24	-2	-2	5	det1=true
[2171]	62	72	-19	-20	-2	-5	det1=true
[2172]	62	72	-24	-20	-2	5	det1=true
[2173]	67	72	-16	0	-6	-1	det1=true
[2174]	67	72	-17	0	-6	1	det1=true
[2175]	70	72	-32	-16	-2	-5	det1=true
[2176]	70	72	-37	-16	-2	5	det1=true
[2177]	9	69	-1	-1	-1	-2	det1=true
[2178]	9	69	-3	-1	-1	2	det1=true
[2179]	38	69	-16	-14	-1	-4	det1=true
[2180]	38	69	-20	-14	-1	4	det1=true
[2181]	42	69	-20	1	-4	-2	det1=true
[2182]	42	69	-22	1	-4	2	det1=true
[2183]	47	69	-3	-4	-1	-5	det1=true
[2184]	47	69	-8	-4	-1	5	det1=true
[2185]	49	69	-11	-2	-1	-5	det1=true
[2186]	49	69	-16	-2	-1	5	det1=true
[2187]	53	69	-23	-23	-2	-4	det1=true
[2188]	53	69	-27	-23	-2	4	det1=true
[2189]	55	69	-24	1	-5	-1	det1=true
[2190]	55	69	-25	1	-5	1	det1=true
[2191]	55	69	-22	-1	-1	-5	det1=true
[2192]	55	69	-20	-11	-5	-1	det1=true
[2193]	55	69	-21	-11	-5	1	det1=true
[2194]	63	69	-23	-12	-5	-2	det1=true
[2195]	63	69	-25	-12	-5	2	det1=true
[2196]	68	69	-32	-4	-5	-2	det1=true
[2197]	68	69	-34	-4	-5	2	det1=true
[2198]	44	70	-1	0	-4	-3	det1=true
[2199]	44	70	-4	0	-4	3	det1=true
[2200]	47	70	-11	-6	-4	-3	det1=true
[2201]	47	70	-14	-6	-4	3	det1=true
[2202]	61	70	-18	-16	-2	-5	det1=true
[2203]	61	70	-23	-16	-2	5	det1=true
[2204]	65	70	-3	2	-6	1	det1=true
[2205]	68	70	-32	-8	-5	-2	det1=true
[2206]	68	70	-34	-8	-5	2	det1=true
[2207]	19	71	-8	-5	-1	-3	det1=true
[2208]	19	71	-11	-5	-1	3	det1=true
[2209]	35	71	-4	0	-4	-2	det1=true
[2210]	35	71	-6	0	-4	2	det1=true
[2211]	46	71	-12	1	-3	-4	det1=true
[2212]	46	71	-16	1	-3	4	det1=true
[2213]	46	71	-10	-6	-4	-3	det1=true
[2214]	46	71	-13	-6	-4	3	det1=true
[2215]	51	71	-16	-10	-5	-1	det1=true
[2216]	51	71	-17	-10	-5	1	det1=true
[2217]	55	71	-23	-13	-3	-4	det1=true
[2218]	55	71	-27	-13	-3	4	det1=true
[2219]	59	71	-2	1	-5	-3	det1=true
[2220]	59	71	-5	1	-5	3	det1=true
[2221]	61	71	-10	1	-3	-5	det1=true
[2222]	62	71	-28	2	-5	-2	det1=true
[2223]	62	71	-30	2	-5	2	det1=true
[2224]	69	71	-33	-23	-5	1	det1=true
[2225]	51	72	-8	0	-2	-5	det1=true
[2226]	51	72	-13	0	-2	5	det1=true
[2227]	55	72	-16	-8	-5	-2	det1=true
[2228]	55	72	-18	-8	-5	2	det1=true
[2229]	71	72	-32	-19	-5	-2	det1=true
[2230]	71	72	-34	-19	-5	2	det1=true
[2231]	72	72	-10	0	-5	-4	det1=true
[2232]	72	72	-14	0	-5	4	det1=true
[2233]	31	69	-6	-1	-4	-1	det1=true
[2234]	31	69	-7	-1	-4	1	det1=true
[2235]	41	69	-20	-17	-4	1	det1=true
[2236]	41	69	-16	-6	-2	-4	det1=true
[2237]	41	69	-20	-6	-2	4	det1=true
[2238]	52	69	-4	1	-5	-2	det1=true
[2239]	52	69	-6	1	-5	2	det1=true
[2240]	53	69	-19	-1	-1	-5	det1=true
[2241]	53	69	-24	-1	-1	5	det1=true
[2242]	54	69	-10	-2	-2	-5	det1=true
[2243]	54	69	-15	-2	-2	5	det1=true
[2244]	55	69	-27	-1	-1	5	det1=true
[2245]	63	69	-31	-18	-1	5	det1=true
[2246]	63	69	-25	-8	-5	-2	det1=true
[2247]	63	69	-27	-8	-5	2	det1=true
[2248]	68	69	-24	-20	-5	-2	det1=true
[2249]	68	69	-26	-20	-5	2	det1=true
[2250]	23	70	-2	0	-2	-3	det1=true
[2251]	23	70	-5	0	-2	3	det1=true
[2252]	36	70	-7	2	-4	-2	det1=true
[2253]	36	70	-9	2	-4	2	det1=true
[2254]	36	70	-6	1	-2	-4	det1=true
[2255]	36	70	-10	1	-2	4	det1=true
[2256]	55	70	-22	-18	-3	4	det1=true
[2257]	55	70	-13	-6	-2	-5	det1=true
[2258]	55	70	-18	-6	-2	5	det1=true
[2259]	58	70	-21	-20	-4	-3	det1=true
[2260]	58	70	-24	-20	-4	3	det1=true
[2261]	62	70	-31	-18	-4	3	det1=true
[2262]	70	70	-18	-11	-1	6	det1=true
[2263]	36	71	-7	-4	-4	-2	det1=true
[2264]	36	71	-6	-5	-2	-4	det1=true
[2265]	36	71	-10	-5	-2	4	det1=true
[2266]	41	71	-21	-17	-4	-1	det1=true
[2267]	45	71	-4	0	-1	5	det1=true
[2268]	55	71	-17	-2	-5	-2	det1=true
[2269]	62	71	-26	-22	-4	-3	det1=true
[2270]	62	71	-29	-22	-4	3	det1=true
[2271]	63	71	-26	-9	-2	-5	det1=true
[2272]	63	71	-31	-9	-2	5	det1=true
[2273]	65	71	-31	-3	-5	-2	det1=true
[2274]	65	71	-33	-3	-5	2	det1=true
[2275]	69	71	-35	-25	-1	5	det1=true
[2276]	70	71	-17	-8	-6	-1	det1=true
[2277]	70	71	-18	-8	-6	1	det1=true
[2278]	71	71	-43	-4	-5	1	det1=true
[2279]	71	71	-6	-6	-2	-6	det1=true
[2280]	71	71	-12	-6	-2	6	det1=true
[2281]	32	72	-16	-4	-1	4	det1=true
[2282]	32	72	-10	-8	-1	-4	det1=true
[2283]	32	72	-14	-8	-1	4	det1=true
[2284]	36	72	-8	-5	-2	-4	det1=true
[2285]	36	72	-12	-5	-2	4	det1=true
[2286]	50	72	-3	-2	-2	-5	det1=true
[2287]	50	72	-8	-2	-2	5	det1=true
[2288]	60	72	-26	-3	-5	-2	det1=true
[2289]	60	72	-28	-3	-5	2	det1=true
[2290]	68	72	-16	-6	-6	-1	det1=true
[2291]	68	72	-17	-6	-6	1	det1=true
[2292]	32	69	-12	-4	-1	4	det1=true
[2293]	37	69	-15	-13	-4	-1	det1=true
[2294]	37	69	-16	-13	-4	1	det1=true
[2295]	42	69	-18	-7	-4	-2	det1=true
[2296]	42	69	-20	-7	-4	2	det1=true
[2297]	49	69	-11	-5	-5	-1	det1=true
[2298]	49	69	-12	-5	-5	1	det1=true
[2299]	56	69	-24	-10	-4	-3	det1=true
[2300]	56	69	-27	-10	-4	3	det1=true
[2301]	63	69	-26	-18	-1	-5	det1=true
[2302]	63	69	-19	-17	-2	-5	det1=true
[2303]	63	69	-24	-17	-2	5	det1=true
[2304]	65	69	-27	-17	-2	5	det1=true
[2305]	66	69	0	-1	-1	-6	det1=true
[2306]	9	70	-2	-2	-1	-2	det1=true
[2307]	9	70	-4	-2	-1	2	det1=true
[2308]	24	70	-8	0	-3	-2	det1=true
[2309]	24	70	-10	0	-3	2	det1=true
[2310]	53	70	-18	-14	-3	-4	det1=true
[2311]	53	70	-22	-14	-3	4	det1=true
[2312]	67	70	-22	-22	-2	-5	det1=true
[2313]	67	70	-27	-22	-2	5	det1=true
[2314]	36	71	-16	-12	-4	-1	det1=true
[2315]	47	71	-13	-5	-3	-4	det1=true
[2316]	47	71	-17	-5	-3	4	det1=true
[2317]	51	71	-14	-12	-1	-5	det1=true
[2318]	51	71	-19	-12	-1	5	det1=true
[2319]	54	71	-19	0	-2	5	det1=true
[2320]	55	71	-19	-2	-5	2	det1=true
[2321]	57	71	-16	-11	-2	-5	det1=true
[2322]	57	71	-21	-11	-2	5	det1=true
[2323]	59	71	-12	-6	-4	-4	det1=true
[2324]	59	71	-16	-6	-4	4	det1=true
[2325]	59	71	-1	0	-3	-5	det1=true
[2326]	59	71	-6	0	-3	5	det1=true
[2327]	60	71	-23	-6	-2	-5	det1=true
[2328]	60	71	-28	-6	-2	5	det1=true
[2329]	61	71	-27	-19	-3	-4	det1=true
[2330]	61	71	-31	-19	-3	4	det1=true
[2331]	62	71	-26	-16	-2	5	det1=true
[2332]	65	71	-27	-23	-1	-5	det1=true
[2333]	65	71	-32	-23	-1	5	det1=true
[2334]	65	71	-18	-3	-3	-5	det1=true
[2335]	65	71	-8	3	-6	-1	det1=true
[2336]	65	71	-9	3	-6	1	det1=true
[2337]	69	71	-32	-23	-5	-1	det1=true
[2338]	71	71	-8	-2	-2	-6	det1=true
[2339]	71	71	-14	-2	-2	6	det1=true
[2340]	71	71	-8	-4	-6	-2	det1=true
[2341]	71	71	-10	-4	-6	2	det1=true
[2342]	14	72	-4	1	-2	-2	det1=true
[2343]	14	72	-6	1	-2	2	det1=true
[2344]	29	72	0	2	-4	-1	det1=true
[2345]	29	72	-1	2	-4	1	det1=true
[2346]	37	72	-10	-7	-2	-4	det1=true
[2347]	37	72	-14	-7	-2	4	det1=true
[2348]	53	72	-14	-3	-5	-2	det1=true
[2349]	53	72	-16	-3	-5	2	det1=true
[2350]	56	72	-18	-8	-5	-2	det1=true
[2351]	56	72	-20	-8	-5	2	det1=true
[2352]	71	72	-4	-4	-4	-5	det1=true
[2353]	71	72	-9	-4	-4	5	det1=true
[2354]	36	69	-16	-8	-1	-4	det1=true
[2355]	36	69	-20	-8	-1	4	det1=true
[2356]	49	69	-13	0	-5	-1	det1=true
[2357]	49	69	-14	0	-5	1	det1=true
[2358]	53	69	-21	-7	-4	-3	det1=true
[2359]	53	69	-24	-7	-4	3	det1=true
[2360]	57	69	-25	-7	-5	-1	det1=true
[2361]	57	69	-26	-7	-5	1	det1=true
[2362]	57	69	-23	-9	-1	-5	det1=true
[2363]	57	69	-28	-9	-1	5	det1=true
[2364]	57	69	-14	-9	-2	-5	det1=true
[2365]	57	69	-19	-9	-2	5	det1=true
[2366]	65	69	-22	-17	-2	-5	det1=true
[2367]	25	70	-10	-7	-3	2	det1=true
[2368]	37	70	-17	-12	-4	-1	det1=true
[2369]	37	70	-18	-12	-4	1	det1=true
[2370]	52	70	-21	-6	-4	-3	det1=true
[2371]	52	70	-24	-6	-4	3	det1=true
[2372]	55	70	-16	2	-5	-2	det1=true
[2373]	55	70	-18	2	-5	2	det1=true
[2374]	57	70	-17	-6	-2	-5	det1=true
[2375]	57	70	-22	-6	-2	5	det1=true
[2376]	23	71	-3	-3	-2	-3	det1=true
[2377]	23	71	-6	-3	-2	3	det1=true
[2378]	34	71	-13	-10	-4	-1	det1=true
[2379]	34	71	-14	-10	-4	1	det1=true
[2380]	36	71	-17	-12	-4	1	det1=true
[2381]	45	71	-1	2	-5	-1	det1=true
[2382]	49	71	-14	-11	-4	-3	det1=true
[2383]	49	71	-17	-11	-4	3	det1=true
[2384]	51	71	-5	-1	-2	-5	det1=true
[2385]	51	71	-10	-1	-2	5	det1=true
[2386]	57	71	-28	-4	-5	-1	det1=true
[2387]	57	71	-21	1	-5	-2	det1=true
[2388]	57	71	-23	1	-5	2	det1=true
[2389]	59	71	-27	-13	-5	-1	det1=true
[2390]	59	71	-28	-13	-5	1	det1=true
[2391]	59	71	-25	-15	-1	-5	det1=true
[2392]	59	71	-30	-15	-1	5	det1=true
[2393]	69	71	-30	-25	-1	-5	det1=true
[2394]	14	72	-3	-2	-2	-2	det1=true
[2395]	14	72	-5	-2	-2	2	det1=true
[2396]	64	72	-7	0	-6	-1	det1=true
[2397]	64	72	-8	0	-6	1	det1=true
[2398]	66	72	-26	-19	-5	-2	det1=true
[2399]	66	72	-28	-19	-5	2	det1=true
[2400]	40	69	-18	-16	-1	-4	det1=true
[2401]	40	69	-22	-16	-1	4	det1=true
[2402]	66	69	-29	0	-2	-5	det1=true
[2403]	66	69	-34	0	-2	5	det1=true
[2404]	68	69	-31	-2	-2	-5	det1=true
[2405]	52	70	-6	-3	-5	-2	det1=true
[2406]	36	71	-8	1	-2	-4	det1=true
[2407]	36	71	-12	1	-2	4	det1=true
[2408]	47	71	-11	-1	-5	-1	det1=true
[2409]	47	71	-12	-1	-5	1	det1=true
[2410]	47	71	-9	-3	-1	-5	det1=true
[2411]	47	71	-14	-3	-1	5	det1=true
[2412]	47	71	-8	-6	-5	-1	det1=true
[2413]	47	71	-9	-6	-5	1	det1=true
[2414]	53	71	-13	0	-5	-2	det1=true
[2415]	53	71	-15	0	-5	2	det1=true
[2416]	54	71	-14	0	-2	-5	det1=true
[2417]	71	71	-26	-8	-5	-3	det1=true
[2418]	71	71	-29	-8	-5	3	det1=true
[2419]	71	71	-21	-3	-6	-1	det1=true
[2420]	71	71	-22	-3	-6	1	det1=true
[2421]	51	72	-8	-3	-5	-2	det1=true
[2422]	51	72	-10	-3	-5	2	det1=true
[2423]	52	72	-11	0	-2	-5	det1=true
[2424]	52	72	-16	0	-2	5	det1=true
[2425]	57	72	-18	-11	-5	-2	det1=true
[2426]	67	72	-12	-7	-1	-6	det1=true
[2427]	67	72	-18	-7	-1	6	det1=true
[2428]	70	72	-18	-7	-1	-6	det1=true
[2429]	70	72	-24	-7	-1	6	det1=true
[2430]	33	69	-11	-4	-1	-4	det1=true
[2431]	33	69	-15	-4	-1	4	det1=true
[2432]	55	69	-18	-13	-1	-5	det1=true
[2433]	56	69	-11	-10	-2	-5	det1=true
[2434]	56	69	-16	-10	-2	5	det1=true
[2435]	59	69	-20	-1	-2	-5	det1=true
[2436]	59	69	-25	-1	-2	5	det1=true
[2437]	30	70	-3	2	-4	-1	det1=true
[2438]	30	70	-4	2	-4	1	det1=true
[2439]	53	70	-20	-11	-3	-4	det1=true
[2440]	53	70	-24	-11	-3	4	det1=true
[2441]	54	70	-12	-2	-2	-5	det1=true
[2442]	54	70	-17	-2	-2	5	det1=true
[2443]	30	71	-4	-2	-1	-4	det1=true
[2444]	30	71	-8	-2	-1	4	det1=true
[2445]	33	71	-13	-5	-1	-4	det1=true
[2446]	33	71	-17	-5	-1	4	det1=true
[2447]	63	71	-29	-1	-5	-2	det1=true
[2448]	63	71	-31	-1	-5	2	det1=true
[2449]	71	71	-25	-9	-3	-5	det1=true
[2450]	71	71	-30	-9	-3	5	det1=true
[2451]	30	72	-8	2	-4	-1	det1=true
[2452]	30	72	-9	2	-4	1	det1=true
[2453]	70	72	-16	-12	-6	-1	det1=true
[2454]	70	72	-17	-12	-6	1	det1=true
[2455]	31	69	-5	-1	-1	-4	det1=true
[2456]	31	69	-9	-1	-1	4	det1=true
[2457]	32	69	-6	-7	-1	-4	det1=true
[2458]	32	69	-10	-7	-1	4	det1=true
[2459]	51	69	-17	-2	-5	-1	det1=true
[2460]	51	69	-18	-2	-5	1	det1=true
[2461]	55	69	-23	-13	-1	5	det1=true
[2462]	55	69	-11	-7	-5	-2	det1=true
[2463]	55	69	-13	-7	-5	2	det1=true
[2464]	60	69	-29	-26	-4	-2	det1=true
[2465]	60	69	-31	-26	-4	2	det1=true
[2466]	25	70	-8	-7	-3	-2	det1=true
[2467]	60	70	-22	-8	-5	-2	det1=true
[2468]	60	70	-24	-8	-5	2	det1=true
[2469]	36	71	-9	2	-4	-2	det1=true
[2470]	36	71	-11	2	-4	2	det1=true
[2471]	55	71	-21	-16	-3	-4	det1=true
[2472]	55	71	-25	-16	-3	4	det1=true
[2473]	56	71	-24	-14	-4	-3	det1=true
[2474]	56	71	-27	-14	-4	3	det1=true
[2475]	71	71	-10	0	-6	-2	det1=true
[2476]	71	71	-12	0	-6	2	det1=true
[2477]	35	72	-6	1	-2	-4	det1=true
[2478]	35	72	-10	1	-2	4	det1=true
[2479]	51	69	-15	-4	-1	-5	det1=true
[2480]	51	69	-20	-4	-1	5	det1=true
[2481]	39	70	-13	-6	-2	-4	det1=true
[2482]	39	70	-17	-6	-2	4	det1=true
[2483]	62	70	-28	-18	-4	-3	det1=true
[2484]	56	71	-21	-18	-4	-3	det1=true
[2485]	67	71	-22	-3	-5	-3	det1=true
[2486]	67	71	-25	-3	-5	3	det1=true
[2487]	57	72	-20	-11	-5	2	det1=true
[2488]	47	69	-5	-2	-5	-1	det1=true
[2489]	47	69	-6	-2	-5	1	det1=true
[2490]	63	69	-27	1	-5	-2	det1=true
[2491]	63	69	-29	1	-5	2	det1=true
[2492]	66	69	-21	-20	-2	-5	det1=true
[2493]	66	69	-26	-20	-2	5	det1=true
[2494]	51	71	-19	-9	-3	-4	det1=true
[2495]	51	71	-23	-9	-3	4	det1=true
[2496]	67	71	-17	-13	-5	-3	det1=true
[2497]	67	71	-20	-13	-5	3	det1=true
[2498]	67	71	-16	-14	-3	-5	det1=true
[2499]	67	71	-21	-14	-3	5	det1=true
[2500]	30	72	-7	-2	-4	-1	det1=true
[2501]	30	72	-8	-2	-4	1	det1=true
[2502]	58	69	-14	-12	-2	-5	det1=true
[2503]	58	69	-19	-12	-2	5	det1=true
[2504]	50	69	-16	-6	-3	-4	det1=true
[2505]	50	69	-20	-6	-3	4	det1=true
[2506]	53	69	-21	1	-5	-1	det1=true
[2507]	53	69	-22	1	-5	1	det1=true
[2508]	59	69	-19	-8	-5	-2	det1=true
[2509]	59	69	-21	-8	-5	2	det1=true
[2510]	50	70	-18	-4	-3	-4	det1=true
[2511]	50	70	-22	-4	-3	4	det1=true
[2512]	57	70	-18	-2	-2	-5	det1=true
[2513]	57	70	-23	-2	-2	5	det1=true
[2514]	64	70	-27	-6	-2	-5	det1=true
[2515]	64	70	-32	-6	-2	5	det1=true
[2516]	57	72	-19	-8	-2	-5	det1=true
[2517]	57	72	-24	-8	-2	5	det1=true
[2518]	40	72	-16	-9	-2	-4	det1=true
[2519]	40	72	-20	-9	-2	4	det1=true
[2520]	50	71	-16	-11	-3	-4	det1=true
[2521]	50	71	-20	-11	-3	4	det1=true
[2522]	58	70	-18	-12	-5	2	det1=true
[2523]	58	70	-16	-12	-5	-2	det1=true
[2524]	50	69	-18	2	-4	-3	det1=true
[2525]	50	69	-21	2	-4	3	det1=true
[2526]	69	76	-12	2	-4	-5	det1=true
[2527]	69	76	-17	2	-4	5	det1=true
